+---------------------------------------------------------------------+
|  Log file: mau.resources.log                                        |
|  Compiler version: 9.13.4                                           |
|  Created on: Mon Feb  2 11:13:09 2026                               |
|  Run ID: e6d31e2d3d664667                                           |
+---------------------------------------------------------------------+


---------------------------------------------------------------------------------------------------------------------------------------------------------------------------------------------------------------------------------------------------------------------------------------------------------------------------------------------------------------
| Stage Number | Exact Match Input xbar | Ternary Match Input xbar | Hash Bit | Hash Dist Unit | Gateway | SRAM | Map RAM | TCAM | VLIW Instr | Meter ALU | Stats ALU | Stash | Exact Match Search Bus | Exact Match Result Bus | Tind Result Bus | Action Data Bus Bytes | 8-bit Action Slots | 16-bit Action Slots | 32-bit Action Slots | Logical TableID |
---------------------------------------------------------------------------------------------------------------------------------------------------------------------------------------------------------------------------------------------------------------------------------------------------------------------------------------------------------------
|      0       |           4            |            0             |    0     |       0        |    2    |  0   |    0    |  0   |     3      |     0     |     0     |   0   |           2            |           1            |        4        |           0           |         0          |          0          |          0          |        4        |
|      1       |           5            |            0             |    28    |       2        |    2    |  0   |    0    |  0   |     2      |     0     |     0     |   0   |           1            |           2            |        1        |           5           |         0          |          0          |          0          |        2        |
|      2       |           1            |            0             |    0     |       0        |    1    |  0   |    0    |  0   |     2      |     0     |     0     |   0   |           1            |           0            |        2        |           0           |         0          |          0          |          0          |        2        |
|      3       |           9            |            0             |    12    |       1        |    4    |  2   |    2    |  0   |     3      |     1     |     0     |   0   |           3            |           3            |        3        |           4           |         0          |          0          |          0          |        4        |
|      4       |           14           |            0             |    12    |       1        |    2    |  2   |    2    |  0   |     2      |     1     |     0     |   0   |           1            |           2            |        1        |           4           |         0          |          0          |          0          |        2        |
|      5       |           11           |            0             |    12    |       1        |    4    |  2   |    2    |  0   |     3      |     1     |     0     |   0   |           3            |           3            |        3        |           4           |         0          |          0          |          0          |        5        |
|      6       |           9            |            0             |    24    |       2        |    4    |  4   |    4    |  0   |     3      |     2     |     0     |   0   |           4            |           2            |        6        |           6           |         0          |          0          |          0          |        6        |
|      7       |           8            |            0             |    24    |       2        |    2    |  2   |    2    |  0   |     2      |     1     |     0     |   0   |           1            |           2            |        0        |           4           |         0          |          0          |          0          |        2        |
|      8       |           16           |            0             |    24    |       2        |    2    |  2   |    2    |  0   |     2      |     1     |     0     |   0   |           1            |           2            |        1        |           4           |         0          |          0          |          0          |        2        |
|      9       |           17           |            0             |    24    |       2        |    4    |  6   |    6    |  0   |     3      |     3     |     0     |   0   |           3            |           3            |        7        |           4           |         0          |          0          |          0          |        9        |
|      10      |           6            |            0             |    0     |       0        |    7    |  4   |    4    |  0   |     6      |     2     |     0     |   0   |           7            |           0            |        8        |           0           |         0          |          0          |          0          |        9        |
|      11      |           6            |            0             |    16    |       1        |    9    |  15  |    15   |  0   |     3      |     4     |     0     |   0   |           9            |           6            |        9        |           4           |         0          |          0          |          0          |        11       |
|      12      |           8            |            0             |    48    |       3        |    4    |  11  |    11   |  0   |     2      |     2     |     0     |   0   |           2            |           4            |        1        |           1           |         0          |          0          |          0          |        5        |
|      13      |           1            |            0             |    0     |       0        |    2    |  4   |    4    |  0   |     2      |     2     |     0     |   0   |           2            |           0            |        5        |           0           |         0          |          0          |          0          |        5        |
|      14      |           5            |            0             |    0     |       0        |    4    |  4   |    4    |  0   |     4      |     2     |     0     |   0   |           4            |           1            |        9        |           6           |         0          |          0          |          0          |        9        |
|      15      |           2            |            0             |    0     |       0        |    1    |  0   |    0    |  0   |     1      |     0     |     0     |   0   |           1            |           1            |        1        |           0           |         0          |          0          |          0          |        1        |
|      16      |           0            |            0             |    0     |       0        |    0    |  0   |    0    |  0   |     0      |     0     |     0     |   0   |           0            |           0            |        0        |           0           |         0          |          0          |          0          |        0        |
|      17      |           0            |            0             |    0     |       0        |    0    |  0   |    0    |  0   |     0      |     0     |     0     |   0   |           0            |           0            |        0        |           0           |         0          |          0          |          0          |        0        |
|      18      |           0            |            0             |    0     |       0        |    0    |  0   |    0    |  0   |     0      |     0     |     0     |   0   |           0            |           0            |        0        |           0           |         0          |          0          |          0          |        0        |
|      19      |           0            |            0             |    0     |       0        |    0    |  0   |    0    |  0   |     0      |     0     |     0     |   0   |           0            |           0            |        0        |           0           |         0          |          0          |          0          |        0        |
|              |                        |                          |          |                |         |      |         |      |            |           |           |       |                        |                        |                 |                       |                    |                     |                     |                 |
|    Totals    |          122           |            0             |   224    |       17       |    54   |  58  |    58   |  0   |     43     |     22    |     0     |   0   |           45           |           32           |        61       |           46          |         0          |          0          |          0          |        78       |
---------------------------------------------------------------------------------------------------------------------------------------------------------------------------------------------------------------------------------------------------------------------------------------------------------------------------------------------------------------


------------------------------------------------------------------------------------------------------------------------------------------------------------------------------------------------------------------------------------------------------------------------------------------------------------------------------------------------------------------
| Stage Number | Exact Match Input xbar | Ternary Match Input xbar | Hash Bit | Hash Dist Unit | Gateway |  SRAM  | Map RAM |  TCAM | VLIW Instr | Meter ALU | Stats ALU | Stash | Exact Match Search Bus | Exact Match Result Bus | Tind Result Bus | Action Data Bus Bytes | 8-bit Action Slots | 16-bit Action Slots | 32-bit Action Slots | Logical TableID |
------------------------------------------------------------------------------------------------------------------------------------------------------------------------------------------------------------------------------------------------------------------------------------------------------------------------------------------------------------------
|      0       |         3.12%          |          0.00%           |  0.00%   |     0.00%      |  12.50% | 0.00%  |  0.00%  | 0.00% |   9.38%    |   0.00%   |   0.00%   | 0.00% |         12.50%         |         6.25%          |      25.00%     |         0.00%         |       0.00%        |        0.00%        |        0.00%        |      25.00%     |
|      1       |         3.91%          |          0.00%           |  6.73%   |     33.33%     |  12.50% | 0.00%  |  0.00%  | 0.00% |   6.25%    |   0.00%   |   0.00%   | 0.00% |         6.25%          |         12.50%         |      6.25%      |         3.91%         |       0.00%        |        0.00%        |        0.00%        |      12.50%     |
|      2       |         0.78%          |          0.00%           |  0.00%   |     0.00%      |  6.25%  | 0.00%  |  0.00%  | 0.00% |   6.25%    |   0.00%   |   0.00%   | 0.00% |         6.25%          |         0.00%          |      12.50%     |         0.00%         |       0.00%        |        0.00%        |        0.00%        |      12.50%     |
|      3       |         7.03%          |          0.00%           |  2.88%   |     16.67%     |  25.00% | 2.50%  |  4.17%  | 0.00% |   9.38%    |   25.00%  |   0.00%   | 0.00% |         18.75%         |         18.75%         |      18.75%     |         3.12%         |       0.00%        |        0.00%        |        0.00%        |      25.00%     |
|      4       |         10.94%         |          0.00%           |  2.88%   |     16.67%     |  12.50% | 2.50%  |  4.17%  | 0.00% |   6.25%    |   25.00%  |   0.00%   | 0.00% |         6.25%          |         12.50%         |      6.25%      |         3.12%         |       0.00%        |        0.00%        |        0.00%        |      12.50%     |
|      5       |         8.59%          |          0.00%           |  2.88%   |     16.67%     |  25.00% | 2.50%  |  4.17%  | 0.00% |   9.38%    |   25.00%  |   0.00%   | 0.00% |         18.75%         |         18.75%         |      18.75%     |         3.12%         |       0.00%        |        0.00%        |        0.00%        |      31.25%     |
|      6       |         7.03%          |          0.00%           |  5.77%   |     33.33%     |  25.00% | 5.00%  |  8.33%  | 0.00% |   9.38%    |   50.00%  |   0.00%   | 0.00% |         25.00%         |         12.50%         |      37.50%     |         4.69%         |       0.00%        |        0.00%        |        0.00%        |      37.50%     |
|      7       |         6.25%          |          0.00%           |  5.77%   |     33.33%     |  12.50% | 2.50%  |  4.17%  | 0.00% |   6.25%    |   25.00%  |   0.00%   | 0.00% |         6.25%          |         12.50%         |      0.00%      |         3.12%         |       0.00%        |        0.00%        |        0.00%        |      12.50%     |
|      8       |         12.50%         |          0.00%           |  5.77%   |     33.33%     |  12.50% | 2.50%  |  4.17%  | 0.00% |   6.25%    |   25.00%  |   0.00%   | 0.00% |         6.25%          |         12.50%         |      6.25%      |         3.12%         |       0.00%        |        0.00%        |        0.00%        |      12.50%     |
|      9       |         13.28%         |          0.00%           |  5.77%   |     33.33%     |  25.00% | 7.50%  |  12.50% | 0.00% |   9.38%    |   75.00%  |   0.00%   | 0.00% |         18.75%         |         18.75%         |      43.75%     |         3.12%         |       0.00%        |        0.00%        |        0.00%        |      56.25%     |
|      10      |         4.69%          |          0.00%           |  0.00%   |     0.00%      |  43.75% | 5.00%  |  8.33%  | 0.00% |   18.75%   |   50.00%  |   0.00%   | 0.00% |         43.75%         |         0.00%          |      50.00%     |         0.00%         |       0.00%        |        0.00%        |        0.00%        |      56.25%     |
|      11      |         4.69%          |          0.00%           |  3.85%   |     16.67%     |  56.25% | 18.75% |  31.25% | 0.00% |   9.38%    |  100.00%  |   0.00%   | 0.00% |         56.25%         |         37.50%         |      56.25%     |         3.12%         |       0.00%        |        0.00%        |        0.00%        |      68.75%     |
|      12      |         6.25%          |          0.00%           |  11.54%  |     50.00%     |  25.00% | 13.75% |  22.92% | 0.00% |   6.25%    |   50.00%  |   0.00%   | 0.00% |         12.50%         |         25.00%         |      6.25%      |         0.78%         |       0.00%        |        0.00%        |        0.00%        |      31.25%     |
|      13      |         0.78%          |          0.00%           |  0.00%   |     0.00%      |  12.50% | 5.00%  |  8.33%  | 0.00% |   6.25%    |   50.00%  |   0.00%   | 0.00% |         12.50%         |         0.00%          |      31.25%     |         0.00%         |       0.00%        |        0.00%        |        0.00%        |      31.25%     |
|      14      |         3.91%          |          0.00%           |  0.00%   |     0.00%      |  25.00% | 5.00%  |  8.33%  | 0.00% |   12.50%   |   50.00%  |   0.00%   | 0.00% |         25.00%         |         6.25%          |      56.25%     |         4.69%         |       0.00%        |        0.00%        |        0.00%        |      56.25%     |
|      15      |         1.56%          |          0.00%           |  0.00%   |     0.00%      |  6.25%  | 0.00%  |  0.00%  | 0.00% |   3.12%    |   0.00%   |   0.00%   | 0.00% |         6.25%          |         6.25%          |      6.25%      |         0.00%         |       0.00%        |        0.00%        |        0.00%        |      6.25%      |
|      16      |         0.00%          |          0.00%           |  0.00%   |     0.00%      |  0.00%  | 0.00%  |  0.00%  | 0.00% |   0.00%    |   0.00%   |   0.00%   | 0.00% |         0.00%          |         0.00%          |      0.00%      |         0.00%         |       0.00%        |        0.00%        |        0.00%        |      0.00%      |
|      17      |         0.00%          |          0.00%           |  0.00%   |     0.00%      |  0.00%  | 0.00%  |  0.00%  | 0.00% |   0.00%    |   0.00%   |   0.00%   | 0.00% |         0.00%          |         0.00%          |      0.00%      |         0.00%         |       0.00%        |        0.00%        |        0.00%        |      0.00%      |
|      18      |         0.00%          |          0.00%           |  0.00%   |     0.00%      |  0.00%  | 0.00%  |  0.00%  | 0.00% |   0.00%    |   0.00%   |   0.00%   | 0.00% |         0.00%          |         0.00%          |      0.00%      |         0.00%         |       0.00%        |        0.00%        |        0.00%        |      0.00%      |
|      19      |         0.00%          |          0.00%           |  0.00%   |     0.00%      |  0.00%  | 0.00%  |  0.00%  | 0.00% |   0.00%    |   0.00%   |   0.00%   | 0.00% |         0.00%          |         0.00%          |      0.00%      |         0.00%         |       0.00%        |        0.00%        |        0.00%        |      0.00%      |
|              |                        |                          |          |                |         |        |         |       |            |           |           |       |                        |                        |                 |                       |                    |                     |                     |                 |
|   Average    |         5.96%          |          0.00%           |  3.37%   |     17.71%     |  21.09% | 4.53%  |  7.55%  | 0.00% |   8.40%    |   34.38%  |   0.00%   | 0.00% |         17.58%         |         12.50%         |      23.83%     |         2.25%         |       0.00%        |        0.00%        |        0.00%        |      30.47%     |
------------------------------------------------------------------------------------------------------------------------------------------------------------------------------------------------------------------------------------------------------------------------------------------------------------------------------------------------------------------


Allocated Resource Usage
----------------------------------------------------------------------------------------------------------------------------------------------------------
|                     Table                     | Stage  | Crossbar | Hash | Gateways | RAMs | TCAMs | Map  | Action |  VLIW |  Exm   |  Exm   |  Tind  |
|                      Name                     | Number |  Bytes   | Bits |          |      |       | RAMs |  Data  | Slots | Search | Result | Result |
|                                               |        |          |      |          |      |       |      |  Bus   |       |  Bus   |  Bus   |  Bus   |
|                                               |        |          |      |          |      |       |      | Bytes  |       |        |        |        |
----------------------------------------------------------------------------------------------------------------------------------------------------------
|          IngressParser.$PORT_METADATA         |   -1   |    0     |  0   |    0     |  0   |   0   |  0   |   0    |   0   |   0    |   0    |   0    |
|            Ingress.is_server_reply            |   0    |    0     |  0   |    0     |  0   |   0   |  0   |   0    |   2   |   0    |   1    |   0    |
|                    cond-36                    |   0    |    2     |  0   |    1     |  0   |   0   |  0   |   0    |   0   |   1    |   0    |   0    |
|           is_server_reply_0-gateway           |   0    |    2     |  0   |    1     |  0   |   0   |  0   |   0    |   0   |   1    |   0    |   1    |
|               tbl_switcharoo312               |   0    |    0     |  0   |    0     |  0   |   0   |  0   |   0    |   1   |   0    |   0    |   1    |
|               tbl_switcharoo316               |   0    |    0     |  0   |    0     |  0   |   0   |  0   |   0    |   1   |   0    |   0    |   1    |
|               tbl_switcharoo555               |   0    |    0     |  0   |    0     |  0   |   0   |  0   |   0    |   1   |   0    |   0    |   1    |
|                    cond-37                    |   1    |    1     |  0   |    1     |  0   |   0   |  0   |   0    |   0   |   1    |   0    |   1    |
|              tbl_calc_hash_table              |   1    |    4     |  12  |    0     |  0   |   0   |  0   |   3    |   1   |   0    |   1    |   0    |
|          tbl_calc_hash_table-gateway          |   1    |    0     |  0   |    1     |  0   |   0   |  0   |   0    |   0   |   1    |   0    |   0    |
|               tbl_switcharoo484               |   1    |    4     |  16  |    0     |  0   |   0   |  0   |   2    |   1   |   0    |   1    |   0    |
|                    cond-38                    |   2    |    1     |  0   |    1     |  0   |   0   |  0   |   0    |   0   |   1    |   0    |   0    |
|               tbl_set_out_port_2              |   2    |    0     |  0   |    0     |  0   |   0   |  0   |   0    |   1   |   0    |   0    |   1    |
|               tbl_switcharoo327               |   2    |    0     |  0   |    0     |  0   |   0   |  0   |   0    |   1   |   0    |   0    |   1    |
|                Ingress.reg_1_k                |   3    |    4     |  0   |    0     |  2   |   0   |  2   |   0    |   0   |   0    |   0    |   0    |
|         Ingress.table_set_client_port         |   3    |    0     |  0   |    0     |  0   |   0   |  0   |   0    |   2   |   0    |   1    |   0    |
|                    cond-39                    |   3    |    1     |  0   |    1     |  0   |   0   |  0   |   0    |   0   |   1    |   0    |   1    |
|                    cond-40                    |   3    |    1     |  0   |    1     |  0   |   0   |  0   |   0    |   0   |   1    |   0    |   0    |
|        table_set_client_port_0-gateway        |   3    |    2     |  0   |    1     |  0   |   0   |  0   |   0    |   0   |   1    |   0    |   1    |
|               tbl_switcharoo335               |   3    |    0     |  0   |    0     |  0   |   0   |  0   |   0    |   1   |   0    |   0    |   1    |
|               tbl_switcharoo338               |   3    |    0     |  0   |    0     |  0   |   0   |  0   |   4    |   1   |   0    |   1    |   0    |
|           tbl_switcharoo338-gateway           |   3    |    0     |  0   |    1     |  0   |   0   |  0   |   0    |   0   |   1    |   0    |   0    |
|               tbl_switcharoo420               |   3    |    2     |  12  |    0     |  0   |   0   |  0   |   4    |   1   |   0    |   1    |   0    |
|             Ingress.reg_table_1_ts            |   4    |    4     |  0   |    0     |  2   |   0   |  2   |   0    |   0   |   0    |   0    |   0    |
|                    cond-49                    |   4    |    8     |  0   |    1     |  0   |   0   |  0   |   0    |   0   |   1    |   0    |   1    |
|               tbl_switcharoo340               |   4    |    0     |  0   |    0     |  0   |   0   |  0   |   4    |   1   |   0    |   1    |   0    |
|           tbl_switcharoo340-gateway           |   4    |    0     |  0   |    1     |  0   |   0   |  0   |   0    |   0   |   1    |   0    |   0    |
|               tbl_switcharoo425               |   4    |    2     |  12  |    0     |  0   |   0   |  0   |   4    |   1   |   0    |   1    |   0    |
|                Ingress.reg_1_v                |   5    |    4     |  0   |    0     |  2   |   0   |  2   |   0    |   0   |   0    |   0    |   0    |
|                    cond-50                    |   5    |    4     |  0   |    1     |  0   |   0   |  0   |   0    |   0   |   1    |   0    |   0    |
|                    cond-51                    |   5    |    1     |  0   |    1     |  0   |   0   |  0   |   0    |   0   |   1    |   0    |   1    |
|               tbl_switcharoo346               |   5    |    0     |  0   |    0     |  0   |   0   |  0   |   4    |   1   |   0    |   1    |   0    |
|           tbl_switcharoo346-gateway           |   5    |    0     |  0   |    1     |  0   |   0   |  0   |   0    |   0   |   1    |   0    |   0    |
|               tbl_switcharoo429               |   5    |    2     |  12  |    0     |  0   |   0   |  0   |   4    |   1   |   0    |   1    |   0    |
|               tbl_switcharoo431               |   5    |    0     |  0   |    0     |  0   |   0   |  0   |   4    |   1   |   0    |   1    |   0    |
|           tbl_switcharoo431-gateway           |   5    |    0     |  0   |    1     |  0   |   0   |  0   |   0    |   0   |   1    |   0    |   0    |
|               tbl_switcharoo434               |   5    |    0     |  0   |    0     |  0   |   0   |  0   |   0    |   1   |   0    |   0    |   1    |
|                  tbl_ts_diff                  |   5    |    0     |  0   |    0     |  0   |   0   |  0   |   0    |   1   |   0    |   0    |   1    |
|         Ingress.debug_table1_evict_reg        |   6    |    0     |  0   |    0     |  2   |   0   |  2   |   0    |   0   |   0    |   0    |   0    |
|        Ingress.debug_table1_insert_reg        |   6    |    0     |  0   |    0     |  2   |   0   |  2   |   0    |   0   |   0    |   0    |   0    |
|                    cond-41                    |   6    |    3     |  0   |    1     |  0   |   0   |  0   |   0    |   0   |   1    |   0    |   1    |
|                    cond-47                    |   6    |    1     |  0   |    1     |  0   |   0   |  0   |   0    |   0   |   1    |   0    |   0    |
|                    cond-48                    |   6    |    1     |  0   |    1     |  0   |   0   |  0   |   0    |   0   |   1    |   0    |   0    |
|                    cond-52                    |   6    |    1     |  0   |    1     |  0   |   0   |  0   |   0    |   0   |   1    |   0    |   1    |
|             tbl_calc_hash_table_0             |   6    |    4     |  12  |    0     |  0   |   0   |  0   |   4    |   1   |   0    |   1    |   0    |
|            tbl_calc_hash_table_2_r            |   6    |    4     |  12  |    0     |  0   |   0   |  0   |   2    |   1   |   0    |   1    |   0    |
|           tbl_debug_table1_evict_inc          |   6    |    0     |  0   |    0     |  0   |   0   |  0   |   0    |   1   |   0    |   0    |   1    |
|          tbl_debug_table1_insert_inc          |   6    |    0     |  0   |    0     |  0   |   0   |  0   |   0    |   1   |   0    |   0    |   1    |
|               tbl_switcharoo409               |   6    |    0     |  0   |    0     |  0   |   0   |  0   |   0    |   1   |   0    |   0    |   1    |
|               tbl_switcharoo412               |   6    |    0     |  0   |    0     |  0   |   0   |  0   |   0    |   1   |   0    |   0    |   1    |
|                Ingress.reg_2_k                |   7    |    4     |  0   |    0     |  2   |   0   |  2   |   0    |   0   |   0    |   0    |   0    |
|               tbl_switcharoo359               |   7    |    2     |  12  |    0     |  0   |   0   |  0   |   4    |   1   |   0    |   1    |   0    |
|           tbl_switcharoo359-gateway           |   7    |    0     |  0   |    1     |  0   |   0   |  0   |   0    |   0   |   1    |   0    |   0    |
|               tbl_switcharoo446               |   7    |    2     |  12  |    0     |  0   |   0   |  0   |   4    |   1   |   0    |   1    |   0    |
|           tbl_switcharoo446-gateway           |   7    |    0     |  0   |    1     |  0   |   0   |  0   |   0    |   0   |   1    |   0    |   0    |
|             Ingress.reg_table_2_ts            |   8    |    4     |  0   |    0     |  2   |   0   |  2   |   0    |   0   |   0    |   0    |   0    |
|                    cond-53                    |   8    |    8     |  0   |    1     |  0   |   0   |  0   |   0    |   0   |   1    |   0    |   1    |
|               tbl_switcharoo360               |   8    |    2     |  12  |    0     |  0   |   0   |  0   |   4    |   1   |   0    |   1    |   0    |
|           tbl_switcharoo360-gateway           |   8    |    0     |  0   |    1     |  0   |   0   |  0   |   0    |   0   |   1    |   0    |   0    |
|               tbl_switcharoo451               |   8    |    2     |  12  |    0     |  0   |   0   |  0   |   4    |   1   |   0    |   1    |   0    |
|          Ingress.debug_cache_hit_reg          |   9    |    0     |  0   |    0     |  2   |   0   |  2   |   0    |   0   |   0    |   0    |   0    |
|        Ingress.debug_expired_entry_reg        |   9    |    0     |  0   |    0     |  2   |   0   |  2   |   0    |   0   |   0    |   0    |   0    |
|                Ingress.reg_2_v                |   9    |    8     |  0   |    0     |  2   |   0   |  2   |   0    |   0   |   0    |   0    |   0    |
|                    cond-54                    |   9    |    4     |  0   |    1     |  0   |   0   |  0   |   0    |   0   |   1    |   0    |   0    |
|                    cond-55                    |   9    |    1     |  0   |    1     |  0   |   0   |  0   |   0    |   0   |   1    |   0    |   1    |
|            tbl_debug_cache_hit_inc            |   9    |    0     |  0   |    0     |  0   |   0   |  0   |   0    |   1   |   0    |   0    |   1    |
|           tbl_debug_cache_hit_inc_0           |   9    |    0     |  0   |    0     |  0   |   0   |  0   |   0    |   1   |   0    |   0    |   1    |
|          tbl_debug_expired_entry_inc          |   9    |    0     |  0   |    0     |  0   |   0   |  0   |   0    |   1   |   0    |   0    |   1    |
|         tbl_debug_expired_entry_inc_0         |   9    |    0     |  0   |    0     |  0   |   0   |  0   |   0    |   1   |   0    |   0    |   1    |
|               tbl_switcharoo366               |   9    |    2     |  12  |    0     |  0   |   0   |  0   |   4    |   1   |   0    |   1    |   0    |
|           tbl_switcharoo366-gateway           |   9    |    0     |  0   |    1     |  0   |   0   |  0   |   0    |   0   |   1    |   0    |   0    |
|               tbl_switcharoo455               |   9    |    2     |  12  |    0     |  0   |   0   |  0   |   4    |   1   |   0    |   1    |   0    |
|               tbl_switcharoo457               |   9    |    0     |  0   |    0     |  0   |   0   |  0   |   4    |   1   |   0    |   1    |   0    |
|           tbl_switcharoo457-gateway           |   9    |    0     |  0   |    1     |  0   |   0   |  0   |   0    |   0   |   1    |   0    |   0    |
|               tbl_switcharoo460               |   9    |    0     |  0   |    0     |  0   |   0   |  0   |   0    |   1   |   0    |   0    |   1    |
|                 tbl_ts_diff_0                 |   9    |    0     |  0   |    0     |  0   |   0   |  0   |   0    |   1   |   0    |   0    |   1    |
|         Ingress.debug_table2_evict_reg        |   10   |    0     |  0   |    0     |  2   |   0   |  2   |   0    |   0   |   0    |   0    |   0    |
|        Ingress.debug_table2_insert_reg        |   10   |    0     |  0   |    0     |  2   |   0   |  2   |   0    |   0   |   0    |   0    |   0    |
|                    cond-42                    |   10   |    3     |  0   |    1     |  0   |   0   |  0   |   0    |   0   |   1    |   0    |   0    |
|                    cond-43                    |   10   |    1     |  0   |    1     |  0   |   0   |  0   |   0    |   0   |   1    |   0    |   0    |
|                    cond-44                    |   10   |    1     |  0   |    1     |  0   |   0   |  0   |   0    |   0   |   1    |   0    |   0    |
|                    cond-45                    |   10   |    1     |  0   |    1     |  0   |   0   |  0   |   0    |   0   |   1    |   0    |   0    |
|                    cond-46                    |   10   |    1     |  0   |    1     |  0   |   0   |  0   |   0    |   0   |   1    |   0    |   0    |
|                    cond-56                    |   10   |    1     |  0   |    1     |  0   |   0   |  0   |   0    |   0   |   1    |   0    |   0    |
|                    cond-57                    |   10   |    1     |  0   |    1     |  0   |   0   |  0   |   0    |   0   |   1    |   0    |   0    |
|           tbl_debug_table2_evict_inc          |   10   |    0     |  0   |    0     |  0   |   0   |  0   |   0    |   1   |   0    |   0    |   1    |
|          tbl_debug_table2_insert_inc          |   10   |    0     |  0   |    0     |  0   |   0   |  0   |   0    |   1   |   0    |   0    |   1    |
|               tbl_switcharoo373               |   10   |    0     |  0   |    0     |  0   |   0   |  0   |   0    |   1   |   0    |   0    |   1    |
|               tbl_switcharoo383               |   10   |    0     |  0   |    0     |  0   |   0   |  0   |   0    |   1   |   0    |   0    |   1    |
|               tbl_switcharoo388               |   10   |    0     |  0   |    0     |  0   |   0   |  0   |   0    |   1   |   0    |   0    |   1    |
|               tbl_switcharoo396               |   10   |    0     |  0   |    0     |  0   |   0   |  0   |   0    |   1   |   0    |   0    |   1    |
|               tbl_switcharoo399               |   10   |    0     |  0   |    0     |  0   |   0   |  0   |   0    |   1   |   0    |   0    |   1    |
|               tbl_switcharoo472               |   10   |    0     |  0   |    0     |  0   |   0   |  0   |   0    |   1   |   0    |   0    |   1    |
|         Ingress.debug_state_insert_reg        |   11   |    0     |  0   |    0     |  2   |   0   |  2   |   0    |   0   |   0    |   0    |   0    |
|          Ingress.debug_state_swap_reg         |   11   |    0     |  0   |    0     |  2   |   0   |  2   |   0    |   0   |   0    |   0    |   0    |
|        Ingress.debug_state_swapped_reg        |   11   |    0     |  0   |    0     |  2   |   0   |  2   |   0    |   0   |   0    |   0    |   0    |
|           Ingress.swapped_transient           |   11   |    0     |  0   |    0     |  9   |   0   |  9   |   0    |   0   |   0    |   0    |   0    |
|                    cond-58                    |   11   |    1     |  0   |    1     |  0   |   0   |  0   |   0    |   0   |   1    |   0    |   0    |
|                    cond-59                    |   11   |    1     |  0   |    1     |  0   |   0   |  0   |   0    |   0   |   1    |   0    |   1    |
|                    cond-60                    |   11   |    1     |  0   |    1     |  0   |   0   |  0   |   0    |   0   |   1    |   0    |   1    |
|                    cond-62                    |   11   |    1     |  0   |    1     |  0   |   0   |  0   |   0    |   0   |   1    |   0    |   0    |
|                    cond-63                    |   11   |    1     |  0   |    1     |  0   |   0   |  0   |   0    |   0   |   1    |   0    |   1    |
|                    cond-65                    |   11   |    1     |  0   |    1     |  0   |   0   |  0   |   0    |   0   |   1    |   0    |   1    |
|                    cond-66                    |   11   |    1     |  0   |    1     |  0   |   0   |  0   |   0    |   0   |   1    |   0    |   1    |
|                    cond-67                    |   11   |    1     |  0   |    1     |  0   |   0   |  0   |   0    |   0   |   1    |   0    |   0    |
|           tbl_debug_state_insert_inc          |   11   |    0     |  0   |    0     |  0   |   0   |  0   |   0    |   1   |   0    |   0    |   1    |
|            tbl_debug_state_swap_inc           |   11   |    0     |  0   |    0     |  0   |   0   |  0   |   0    |   1   |   0    |   0    |   1    |
|          tbl_debug_state_swapped_inc          |   11   |    0     |  0   |    0     |  0   |   0   |  0   |   0    |   1   |   0    |   0    |   1    |
|               tbl_switcharoo489               |   11   |    0     |  0   |    0     |  0   |   0   |  0   |   4    |   1   |   0    |   1    |   0    |
|               tbl_switcharoo492               |   11   |    2     |  16  |    0     |  0   |   0   |  0   |   4    |   1   |   0    |   1    |   0    |
|               tbl_switcharoo503               |   11   |    0     |  0   |    0     |  0   |   0   |  0   |   4    |   1   |   0    |   1    |   0    |
|           tbl_switcharoo503-gateway           |   11   |    0     |  0   |    1     |  0   |   0   |  0   |   0    |   0   |   1    |   0    |   0    |
|               tbl_switcharoo507               |   11   |    0     |  0   |    0     |  0   |   0   |  0   |   4    |   1   |   0    |   1    |   0    |
|               tbl_switcharoo520               |   11   |    0     |  0   |    0     |  0   |   0   |  0   |   4    |   1   |   0    |   1    |   0    |
|               tbl_switcharoo524               |   11   |    0     |  0   |    0     |  0   |   0   |  0   |   4    |   1   |   0    |   1    |   0    |
|               tbl_switcharoo529               |   11   |    0     |  0   |    0     |  0   |   0   |  0   |   0    |   1   |   0    |   0    |   1    |
| Ingress.debug_state_insert_from_max_loops_reg |   12   |    0     |  0   |    0     |  2   |   0   |  2   |   0    |   0   |   0    |   0    |   0    |
|             Ingress.swap_transient            |   12   |    2     |  0   |    0     |  9   |   0   |  9   |   0    |   0   |   0    |   0    |   0    |
|                    tbl_act                    |   12   |    0     |  0   |    0     |  0   |   0   |  0   |   1    |   1   |   0    |   1    |   0    |
|                tbl_act-gateway                |   12   |    0     |  0   |    1     |  0   |   0   |  0   |   0    |   0   |   1    |   0    |   0    |
|   tbl_debug_state_insert_from_max_loops_inc   |   12   |    0     |  0   |    0     |  0   |   0   |  0   |   0    |   1   |   0    |   0    |   1    |
|               tbl_switcharoo508               |   12   |    2     |  16  |    0     |  0   |   0   |  0   |   1    |   1   |   0    |   1    |   0    |
|           tbl_switcharoo508-gateway           |   12   |    0     |  0   |    1     |  0   |   0   |  0   |   0    |   0   |   1    |   0    |   0    |
|               tbl_switcharoo521               |   12   |    4     |  16  |    0     |  0   |   0   |  0   |   1    |   1   |   0    |   1    |   0    |
|           tbl_switcharoo521-gateway           |   12   |    0     |  0   |    1     |  0   |   0   |  0   |   0    |   0   |   1    |   0    |   0    |
|               tbl_switcharoo526               |   12   |    4     |  16  |    0     |  0   |   0   |  0   |   1    |   1   |   0    |   1    |   0    |
|           tbl_switcharoo526-gateway           |   12   |    0     |  0   |    1     |  0   |   0   |  0   |   0    |   0   |   1    |   0    |   0    |
|    Ingress.debug_cache_miss_on_kvs_get_reg    |   13   |    0     |  0   |    0     |  2   |   0   |  2   |   0    |   0   |   0    |   0    |   0    |
|     Ingress.debug_state_aborted_insert_reg    |   13   |    0     |  0   |    0     |  2   |   0   |  2   |   0    |   0   |   0    |   0    |   0    |
|                    cond-61                    |   13   |    1     |  0   |    1     |  0   |   0   |  0   |   0    |   0   |   1    |   0    |   0    |
|                    cond-64                    |   13   |    1     |  0   |    1     |  0   |   0   |  0   |   0    |   0   |   1    |   0    |   0    |
|      tbl_debug_cache_miss_on_kvs_get_inc      |   13   |    0     |  0   |    0     |  0   |   0   |  0   |   0    |   1   |   0    |   0    |   1    |
|       tbl_debug_state_aborted_insert_inc      |   13   |    0     |  0   |    0     |  0   |   0   |  0   |   0    |   1   |   0    |   0    |   1    |
|               tbl_switcharoo494               |   13   |    0     |  0   |    0     |  0   |   0   |  0   |   0    |   1   |   0    |   0    |   1    |
|               tbl_switcharoo512               |   13   |    0     |  0   |    0     |  0   |   0   |  0   |   0    |   1   |   0    |   0    |   1    |
|               tbl_switcharoo515               |   13   |    0     |  0   |    0     |  0   |   0   |  0   |   0    |   1   |   0    |   0    |   1    |
|      Ingress.debug_max_recirculations_reg     |   14   |    0     |  0   |    0     |  2   |   0   |  2   |   0    |   0   |   0    |   0    |   0    |
|          Ingress.debug_state_nop_reg          |   14   |    0     |  0   |    0     |  2   |   0   |  2   |   0    |   0   |   0    |   0    |   0    |
|           Ingress.select_recirc_port          |   14   |    0     |  0   |    0     |  0   |   0   |  0   |   2    |   2   |   0    |   1    |   0    |
|                    cond-68                    |   14   |    1     |  0   |    1     |  0   |   0   |  0   |   0    |   0   |   1    |   0    |   0    |
|                    cond-69                    |   14   |    1     |  0   |    1     |  0   |   0   |  0   |   0    |   0   |   1    |   0    |   0    |
|                    cond-70                    |   14   |    1     |  0   |    1     |  0   |   0   |  0   |   0    |   0   |   1    |   0    |   0    |
|          select_recirc_port_0-gateway         |   14   |    2     |  0   |    1     |  0   |   0   |  0   |   0    |   0   |   1    |   0    |   1    |
|        tbl_debug_max_recirculations_inc       |   14   |    0     |  0   |    0     |  0   |   0   |  0   |   0    |   1   |   0    |   0    |   1    |
|            tbl_debug_state_nop_inc            |   14   |    0     |  0   |    0     |  0   |   0   |  0   |   0    |   1   |   0    |   0    |   1    |
|                tbl_set_out_port               |   14   |    0     |  0   |    0     |  0   |   0   |  0   |   2    |   1   |   0    |   0    |   1    |
|               tbl_set_out_port_0              |   14   |    0     |  0   |    0     |  0   |   0   |  0   |   0    |   1   |   0    |   0    |   1    |
|               tbl_set_out_port_1              |   14   |    0     |  0   |    0     |  0   |   0   |  0   |   2    |   1   |   0    |   0    |   1    |
|               tbl_switcharoo534               |   14   |    0     |  0   |    0     |  0   |   0   |  0   |   0    |   1   |   0    |   0    |   1    |
|               tbl_switcharoo541               |   14   |    0     |  0   |    0     |  0   |   0   |  0   |   0    |   1   |   0    |   0    |   1    |
|               tbl_switcharoo546               |   14   |    0     |  0   |    0     |  0   |   0   |  0   |   0    |   1   |   0    |   0    |   1    |
|        Ingress.table_remove_extra_hdrs        |   15   |    0     |  0   |    0     |  0   |   0   |  0   |   0    |   2   |   0    |   1    |   0    |
|       table_remove_extra_hdrs_0-gateway       |   15   |    2     |  0   |    1     |  0   |   0   |  0   |   0    |   0   |   1    |   0    |   1    |
----------------------------------------------------------------------------------------------------------------------------------------------------------

