+---------------------------------------------------------------------+
|  Log file: mau.resources.log                                        |
|  Compiler version: 9.13.4                                           |
|  Created on: Thu Jan 15 10:16:39 2026                               |
|  Run ID: 1948a9d91f8c4d42                                           |
+---------------------------------------------------------------------+


---------------------------------------------------------------------------------------------------------------------------------------------------------------------------------------------------------------------------------------------------------------------------------------------------------------------------------------------------------------
| Stage Number | Exact Match Input xbar | Ternary Match Input xbar | Hash Bit | Hash Dist Unit | Gateway | SRAM | Map RAM | TCAM | VLIW Instr | Meter ALU | Stats ALU | Stash | Exact Match Search Bus | Exact Match Result Bus | Tind Result Bus | Action Data Bus Bytes | 8-bit Action Slots | 16-bit Action Slots | 32-bit Action Slots | Logical TableID |
---------------------------------------------------------------------------------------------------------------------------------------------------------------------------------------------------------------------------------------------------------------------------------------------------------------------------------------------------------------
|      0       |           4            |            0             |    40    |       0        |    1    |  4   |    0    |  0   |     3      |     0     |     0     |   0   |           1            |           1            |        2        |           4           |         0          |          0          |          0          |        3        |
|      1       |           4            |            0             |    40    |       0        |    0    |  4   |    0    |  0   |     1      |     0     |     0     |   0   |           1            |           1            |        0        |           5           |         0          |          0          |          0          |        1        |
|      2       |           28           |            0             |    70    |       0        |    1    |  80  |    40   |  0   |     2      |     0     |     0     |   0   |           2            |           1            |        2        |           4           |         0          |          0          |          0          |        3        |
|      3       |           36           |            0             |   120    |       1        |    1    |  80  |    40   |  0   |     3      |     0     |     0     |   0   |           3            |           3            |        1        |           10          |         0          |          0          |          0          |        4        |
|      4       |           37           |            0             |    86    |       1        |    1    |  80  |    40   |  0   |     2      |     0     |     0     |   0   |           2            |           2            |        1        |           6           |         0          |          0          |          0          |        2        |
|      5       |           12           |            0             |    48    |       0        |    0    |  16  |    8    |  0   |     2      |     0     |     0     |   0   |           1            |           1            |        1        |           4           |         0          |          0          |          0          |        2        |
|      6       |           6            |            0             |    16    |       1        |    2    |  17  |    17   |  0   |     2      |     1     |     0     |   0   |           1            |           2            |        0        |           5           |         0          |          0          |          0          |        2        |
|      7       |           8            |            0             |    16    |       1        |    3    |  19  |    19   |  0   |     2      |     2     |     0     |   0   |           3            |           3            |        3        |           5           |         0          |          0          |          0          |        4        |
|      8       |           10           |            0             |    16    |       1        |    3    |  19  |    19   |  0   |     2      |     2     |     0     |   0   |           2            |           3            |        1        |           5           |         0          |          0          |          0          |        4        |
|      9       |           16           |            0             |    39    |       2        |    4    |  26  |    26   |  0   |     3      |     2     |     0     |   0   |           2            |           4            |        2        |           5           |         0          |          0          |          0          |        5        |
|      10      |           13           |            0             |    39    |       2        |    6    |  29  |    29   |  0   |     2      |     4     |     0     |   0   |           3            |           5            |        1        |           1           |         0          |          0          |          0          |        6        |
|      11      |           15           |            0             |    62    |       3        |    7    |  39  |    39   |  0   |     3      |     3     |     0     |   0   |           5            |           5            |        2        |           4           |         0          |          0          |          0          |        7        |
|      12      |           10           |            0             |    23    |       1        |    3    |  17  |    17   |  0   |     2      |     1     |     0     |   0   |           3            |           1            |        3        |           0           |         0          |          0          |          0          |        4        |
|      13      |           8            |            0             |    80    |       0        |    0    |  8   |    0    |  0   |     4      |     0     |     0     |   0   |           2            |           2            |        2        |           8           |         0          |          0          |          0          |        4        |
|      14      |           0            |            0             |    0     |       0        |    0    |  0   |    0    |  0   |     2      |     0     |     0     |   0   |           0            |           0            |        2        |           0           |         0          |          0          |          0          |        2        |
|      15      |           0            |            7             |    0     |       0        |    0    |  2   |    0    |  2   |     4      |     0     |     0     |   0   |           0            |           0            |        1        |           6           |         0          |          0          |          0          |        1        |
|      16      |           0            |            0             |    0     |       0        |    0    |  0   |    0    |  0   |     0      |     0     |     0     |   0   |           0            |           0            |        0        |           0           |         0          |          0          |          0          |        0        |
|      17      |           0            |            0             |    0     |       0        |    0    |  0   |    0    |  0   |     0      |     0     |     0     |   0   |           0            |           0            |        0        |           0           |         0          |          0          |          0          |        0        |
|      18      |           0            |            0             |    0     |       0        |    0    |  0   |    0    |  0   |     0      |     0     |     0     |   0   |           0            |           0            |        0        |           0           |         0          |          0          |          0          |        0        |
|      19      |           0            |            0             |    0     |       0        |    0    |  0   |    0    |  0   |     0      |     0     |     0     |   0   |           0            |           0            |        0        |           0           |         0          |          0          |          0          |        0        |
|              |                        |                          |          |                |         |      |         |      |            |           |           |       |                        |                        |                 |                       |                    |                     |                     |                 |
|    Totals    |          207           |            7             |   695    |       13       |    32   | 440  |   294   |  2   |     39     |     15    |     0     |   0   |           31           |           34           |        24       |           72          |         0          |          0          |          0          |        54       |
---------------------------------------------------------------------------------------------------------------------------------------------------------------------------------------------------------------------------------------------------------------------------------------------------------------------------------------------------------------


-------------------------------------------------------------------------------------------------------------------------------------------------------------------------------------------------------------------------------------------------------------------------------------------------------------------------------------------------------------------
| Stage Number | Exact Match Input xbar | Ternary Match Input xbar | Hash Bit | Hash Dist Unit | Gateway |   SRAM  | Map RAM |  TCAM | VLIW Instr | Meter ALU | Stats ALU | Stash | Exact Match Search Bus | Exact Match Result Bus | Tind Result Bus | Action Data Bus Bytes | 8-bit Action Slots | 16-bit Action Slots | 32-bit Action Slots | Logical TableID |
-------------------------------------------------------------------------------------------------------------------------------------------------------------------------------------------------------------------------------------------------------------------------------------------------------------------------------------------------------------------
|      0       |         3.12%          |          0.00%           |  9.62%   |     0.00%      |  6.25%  |  5.00%  |  0.00%  | 0.00% |   9.38%    |   0.00%   |   0.00%   | 0.00% |         6.25%          |         6.25%          |      12.50%     |         3.12%         |       0.00%        |        0.00%        |        0.00%        |      18.75%     |
|      1       |         3.12%          |          0.00%           |  9.62%   |     0.00%      |  0.00%  |  5.00%  |  0.00%  | 0.00% |   3.12%    |   0.00%   |   0.00%   | 0.00% |         6.25%          |         6.25%          |      0.00%      |         3.91%         |       0.00%        |        0.00%        |        0.00%        |      6.25%      |
|      2       |         21.88%         |          0.00%           |  16.83%  |     0.00%      |  6.25%  | 100.00% |  83.33% | 0.00% |   6.25%    |   0.00%   |   0.00%   | 0.00% |         12.50%         |         6.25%          |      12.50%     |         3.12%         |       0.00%        |        0.00%        |        0.00%        |      18.75%     |
|      3       |         28.12%         |          0.00%           |  28.85%  |     16.67%     |  6.25%  | 100.00% |  83.33% | 0.00% |   9.38%    |   0.00%   |   0.00%   | 0.00% |         18.75%         |         18.75%         |      6.25%      |         7.81%         |       0.00%        |        0.00%        |        0.00%        |      25.00%     |
|      4       |         28.91%         |          0.00%           |  20.67%  |     16.67%     |  6.25%  | 100.00% |  83.33% | 0.00% |   6.25%    |   0.00%   |   0.00%   | 0.00% |         12.50%         |         12.50%         |      6.25%      |         4.69%         |       0.00%        |        0.00%        |        0.00%        |      12.50%     |
|      5       |         9.38%          |          0.00%           |  11.54%  |     0.00%      |  0.00%  |  20.00% |  16.67% | 0.00% |   6.25%    |   0.00%   |   0.00%   | 0.00% |         6.25%          |         6.25%          |      6.25%      |         3.12%         |       0.00%        |        0.00%        |        0.00%        |      12.50%     |
|      6       |         4.69%          |          0.00%           |  3.85%   |     16.67%     |  12.50% |  21.25% |  35.42% | 0.00% |   6.25%    |   25.00%  |   0.00%   | 0.00% |         6.25%          |         12.50%         |      0.00%      |         3.91%         |       0.00%        |        0.00%        |        0.00%        |      12.50%     |
|      7       |         6.25%          |          0.00%           |  3.85%   |     16.67%     |  18.75% |  23.75% |  39.58% | 0.00% |   6.25%    |   50.00%  |   0.00%   | 0.00% |         18.75%         |         18.75%         |      18.75%     |         3.91%         |       0.00%        |        0.00%        |        0.00%        |      25.00%     |
|      8       |         7.81%          |          0.00%           |  3.85%   |     16.67%     |  18.75% |  23.75% |  39.58% | 0.00% |   6.25%    |   50.00%  |   0.00%   | 0.00% |         12.50%         |         18.75%         |      6.25%      |         3.91%         |       0.00%        |        0.00%        |        0.00%        |      25.00%     |
|      9       |         12.50%         |          0.00%           |  9.38%   |     33.33%     |  25.00% |  32.50% |  54.17% | 0.00% |   9.38%    |   50.00%  |   0.00%   | 0.00% |         12.50%         |         25.00%         |      12.50%     |         3.91%         |       0.00%        |        0.00%        |        0.00%        |      31.25%     |
|      10      |         10.16%         |          0.00%           |  9.38%   |     33.33%     |  37.50% |  36.25% |  60.42% | 0.00% |   6.25%    |  100.00%  |   0.00%   | 0.00% |         18.75%         |         31.25%         |      6.25%      |         0.78%         |       0.00%        |        0.00%        |        0.00%        |      37.50%     |
|      11      |         11.72%         |          0.00%           |  14.90%  |     50.00%     |  43.75% |  48.75% |  81.25% | 0.00% |   9.38%    |   75.00%  |   0.00%   | 0.00% |         31.25%         |         31.25%         |      12.50%     |         3.12%         |       0.00%        |        0.00%        |        0.00%        |      43.75%     |
|      12      |         7.81%          |          0.00%           |  5.53%   |     16.67%     |  18.75% |  21.25% |  35.42% | 0.00% |   6.25%    |   25.00%  |   0.00%   | 0.00% |         18.75%         |         6.25%          |      18.75%     |         0.00%         |       0.00%        |        0.00%        |        0.00%        |      25.00%     |
|      13      |         6.25%          |          0.00%           |  19.23%  |     0.00%      |  0.00%  |  10.00% |  0.00%  | 0.00% |   12.50%   |   0.00%   |   0.00%   | 0.00% |         12.50%         |         12.50%         |      12.50%     |         6.25%         |       0.00%        |        0.00%        |        0.00%        |      25.00%     |
|      14      |         0.00%          |          0.00%           |  0.00%   |     0.00%      |  0.00%  |  0.00%  |  0.00%  | 0.00% |   6.25%    |   0.00%   |   0.00%   | 0.00% |         0.00%          |         0.00%          |      12.50%     |         0.00%         |       0.00%        |        0.00%        |        0.00%        |      12.50%     |
|      15      |         0.00%          |          10.61%          |  0.00%   |     0.00%      |  0.00%  |  2.50%  |  0.00%  | 8.33% |   12.50%   |   0.00%   |   0.00%   | 0.00% |         0.00%          |         0.00%          |      6.25%      |         4.69%         |       0.00%        |        0.00%        |        0.00%        |      6.25%      |
|      16      |         0.00%          |          0.00%           |  0.00%   |     0.00%      |  0.00%  |  0.00%  |  0.00%  | 0.00% |   0.00%    |   0.00%   |   0.00%   | 0.00% |         0.00%          |         0.00%          |      0.00%      |         0.00%         |       0.00%        |        0.00%        |        0.00%        |      0.00%      |
|      17      |         0.00%          |          0.00%           |  0.00%   |     0.00%      |  0.00%  |  0.00%  |  0.00%  | 0.00% |   0.00%    |   0.00%   |   0.00%   | 0.00% |         0.00%          |         0.00%          |      0.00%      |         0.00%         |       0.00%        |        0.00%        |        0.00%        |      0.00%      |
|      18      |         0.00%          |          0.00%           |  0.00%   |     0.00%      |  0.00%  |  0.00%  |  0.00%  | 0.00% |   0.00%    |   0.00%   |   0.00%   | 0.00% |         0.00%          |         0.00%          |      0.00%      |         0.00%         |       0.00%        |        0.00%        |        0.00%        |      0.00%      |
|      19      |         0.00%          |          0.00%           |  0.00%   |     0.00%      |  0.00%  |  0.00%  |  0.00%  | 0.00% |   0.00%    |   0.00%   |   0.00%   | 0.00% |         0.00%          |         0.00%          |      0.00%      |         0.00%         |       0.00%        |        0.00%        |        0.00%        |      0.00%      |
|              |                        |                          |          |                |         |         |         |       |            |           |           |       |                        |                        |                 |                       |                    |                     |                     |                 |
|   Average    |         10.11%         |          0.66%           |  10.44%  |     13.54%     |  12.50% |  34.38% |  38.28% | 0.52% |   7.62%    |   23.44%  |   0.00%   | 0.00% |         12.11%         |         13.28%         |      9.38%      |         3.52%         |       0.00%        |        0.00%        |        0.00%        |      21.09%     |
-------------------------------------------------------------------------------------------------------------------------------------------------------------------------------------------------------------------------------------------------------------------------------------------------------------------------------------------------------------------


Allocated Resource Usage
----------------------------------------------------------------------------------------------------------------------------------------------------------
|                     Table                     | Stage  | Crossbar | Hash | Gateways | RAMs | TCAMs | Map  | Action |  VLIW |  Exm   |  Exm   |  Tind  |
|                      Name                     | Number |  Bytes   | Bits |          |      |       | RAMs |  Data  | Slots | Search | Result | Result |
|                                               |        |          |      |          |      |       |      |  Bus   |       |  Bus   |  Bus   |  Bus   |
|                                               |        |          |      |          |      |       |      | Bytes  |       |        |        |        |
----------------------------------------------------------------------------------------------------------------------------------------------------------
|          IngressParser.$PORT_METADATA         |   -1   |    0     |  0   |    0     |  0   |   0   |  0   |   0    |   0   |   0    |   0    |   0    |
|         Ingress.ingress_port_to_nf_dev        |   0    |    2     |  40  |    0     |  4   |   0   |  0   |   4    |   3   |   1    |   1    |   0    |
|                    cond-12                    |   0    |    2     |  0   |    1     |  0   |   0   |  0   |   0    |   0   |   1    |   0    |   0    |
|        tbl_fcfs_cached_table_65536l574        |   0    |    0     |  0   |    0     |  0   |   0   |  0   |   0    |   1   |   0    |   0    |   1    |
|        tbl_fcfs_cached_table_65536l687        |   0    |    0     |  0   |    0     |  0   |   0   |  0   |   0    |   1   |   0    |   0    |   1    |
|      Ingress.vector_table_1074077160_139      |   1    |    4     |  40  |    0     |  4   |   0   |  0   |   5    |   2   |   1    |   1    |   0    |
|            Ingress.fcfs_ct_table_1            |   2    |    24    |  70  |    0     |  80  |   0   |  40  |   4    |   2   |   1    |   1    |   0    |
|                    cond-13                    |   2    |    4     |  0   |    1     |  0   |   0   |  0   |   0    |   0   |   1    |   0    |   0    |
|        tbl_fcfs_cached_table_65536l580        |   2    |    0     |  0   |    0     |  0   |   0   |  0   |   0    |   1   |   0    |   0    |   1    |
|        tbl_fcfs_cached_table_65536l609        |   2    |    0     |  0   |    0     |  0   |   0   |  0   |   0    |   1   |   0    |   0    |   1    |
|            Ingress.fcfs_ct_table_0            |   3    |    12    |  52  |    0     |  32  |   0   |  16  |   4    |   2   |   1    |   1    |   0    |
|            Ingress.fcfs_ct_table_1            |   3    |    12    |  52  |    0     |  48  |   0   |  24  |   4    |   2   |   1    |   1    |   0    |
|                   tbl_act_1                   |   3    |    0     |  0   |    0     |  0   |   0   |  0   |   0    |   1   |   0    |   0    |   1    |
|             tbl_fcfs_ct_calc_hash             |   3    |    12    |  16  |    0     |  0   |   0   |  0   |   2    |   1   |   0    |   1    |   0    |
|         tbl_fcfs_ct_calc_hash-gateway         |   3    |    0     |  0   |    1     |  0   |   0   |  0   |   0    |   0   |   1    |   0    |   0    |
|            Ingress.fcfs_ct_table_0            |   4    |    24    |  70  |    0     |  80  |   0   |  40  |   4    |   2   |   1    |   1    |   0    |
|                    cond-17                    |   4    |    1     |  0   |    1     |  0   |   0   |  0   |   0    |   0   |   1    |   0    |   1    |
|            tbl_fcfs_ct_calc_hash_0            |   4    |    12    |  16  |    0     |  0   |   0   |  0   |   2    |   1   |   0    |   1    |   0    |
|            Ingress.fcfs_ct_table_0            |   5    |    12    |  48  |    0     |  16  |   0   |  8   |   4    |   2   |   1    |   1    |   0    |
|                    tbl_act                    |   5    |    0     |  0   |    0     |  0   |   0   |  0   |   0    |   1   |   0    |   0    |   1    |
|          Ingress.fcfs_ct_liveness_reg         |   6    |    4     |  0   |    0     |  17  |   0   |  17  |   0    |   0   |   0    |   0    |   0    |
|        tbl_fcfs_cached_table_65536l586        |   6    |    0     |  0   |    0     |  0   |   0   |  0   |   5    |   1   |   0    |   1    |   0    |
|    tbl_fcfs_cached_table_65536l586-gateway    |   6    |    0     |  0   |    1     |  0   |   0   |  0   |   0    |   0   |   1    |   0    |   0    |
|        tbl_fcfs_cached_table_65536l619        |   6    |    2     |  16  |    0     |  0   |   0   |  0   |   5    |   1   |   0    |   1    |   0    |
|    tbl_fcfs_cached_table_65536l619-gateway    |   6    |    0     |  0   |    1     |  0   |   0   |  0   |   0    |   0   |   1    |   0    |   0    |
|   Ingress.fcfs_ct_integer_allocator_tail_reg  |   7    |    0     |  0   |    0     |  2   |   0   |  2   |   0    |   0   |   0    |   0    |   0    |
|             Ingress.fcfs_ct_keys_0            |   7    |    4     |  0   |    0     |  17  |   0   |  17  |   0    |   0   |   0    |   0    |   0    |
|                    cond-14                    |   7    |    1     |  0   |    1     |  0   |   0   |  0   |   0    |   0   |   1    |   0    |   1    |
|                    cond-18                    |   7    |    1     |  0   |    1     |  0   |   0   |  0   |   0    |   0   |   1    |   0    |   1    |
|        tbl_fcfs_cached_table_65536l638        |   7    |    0     |  0   |    0     |  0   |   0   |  0   |   4    |   1   |   0    |   0    |   1    |
|         tbl_fcfs_ct_read_key_0_execute        |   7    |    0     |  0   |    0     |  0   |   0   |  0   |   1    |   1   |   0    |   1    |   0    |
|        tbl_fcfs_ct_read_key_0_execute_0       |   7    |    2     |  16  |    0     |  0   |   0   |  0   |   1    |   1   |   0    |   1    |   0    |
|        tbl_fcfs_ct_write_key_0_execute        |   7    |    0     |  0   |    0     |  0   |   0   |  0   |   1    |   1   |   0    |   1    |   0    |
|    tbl_fcfs_ct_write_key_0_execute-gateway    |   7    |    0     |  0   |    1     |  0   |   0   |  0   |   0    |   0   |   1    |   0    |   0    |
|   Ingress.fcfs_ct_integer_allocator_head_reg  |   8    |    4     |  0   |    0     |  2   |   0   |  2   |   0    |   0   |   0    |   0    |   0    |
|             Ingress.fcfs_ct_keys_1            |   8    |    4     |  0   |    0     |  17  |   0   |  17  |   0    |   0   |   0    |   0    |   0    |
|        tbl_fcfs_cached_table_65536l639        |   8    |    0     |  0   |    0     |  0   |   0   |  0   |   4    |   1   |   0    |   0    |   1    |
|         tbl_fcfs_ct_read_key_1_execute        |   8    |    2     |  16  |    0     |  0   |   0   |  0   |   1    |   1   |   0    |   1    |   0    |
|     tbl_fcfs_ct_read_key_1_execute-gateway    |   8    |    0     |  0   |    1     |  0   |   0   |  0   |   0    |   0   |   1    |   0    |   0    |
|        tbl_fcfs_ct_read_key_1_execute_0       |   8    |    0     |  0   |    0     |  0   |   0   |  0   |   1    |   1   |   0    |   1    |   0    |
|    tbl_fcfs_ct_read_key_1_execute_0-gateway   |   8    |    0     |  0   |    1     |  0   |   0   |  0   |   0    |   0   |   1    |   0    |   0    |
|        tbl_fcfs_ct_write_key_1_execute        |   8    |    0     |  0   |    0     |  0   |   0   |  0   |   1    |   1   |   0    |   1    |   0    |
|    tbl_fcfs_ct_write_key_1_execute-gateway    |   8    |    0     |  0   |    1     |  0   |   0   |  0   |   0    |   0   |   1    |   0    |   0    |
| Ingress.fcfs_ct_integer_allocator_indexes_reg |   9    |    0     |  0   |    0     |  17  |   0   |  17  |   0    |   0   |   0    |   0    |   0    |
|             Ingress.fcfs_ct_keys_2            |   9    |    2     |  0   |    0     |  9   |   0   |  9   |   0    |   0   |   0    |   0    |   0    |
|                    cond-20                    |   9    |    8     |  0   |    1     |  0   |   0   |  0   |   0    |   0   |   1    |   0    |   1    |
|        tbl_fcfs_cached_table_65536l641        |   9    |    4     |  23  |    0     |  0   |   0   |  0   |   4    |   1   |   0    |   1    |   0    |
|        tbl_fcfs_cached_table_65536l653        |   9    |    0     |  0   |    0     |  0   |   0   |  0   |   0    |   1   |   0    |   0    |   1    |
|         tbl_fcfs_ct_read_key_2_execute        |   9    |    2     |  16  |    0     |  0   |   0   |  0   |   1    |   1   |   0    |   1    |   0    |
|     tbl_fcfs_ct_read_key_2_execute-gateway    |   9    |    0     |  0   |    1     |  0   |   0   |  0   |   0    |   0   |   1    |   0    |   0    |
|        tbl_fcfs_ct_read_key_2_execute_0       |   9    |    0     |  0   |    0     |  0   |   0   |  0   |   1    |   1   |   0    |   1    |   0    |
|    tbl_fcfs_ct_read_key_2_execute_0-gateway   |   9    |    0     |  0   |    1     |  0   |   0   |  0   |   0    |   0   |   1    |   0    |   0    |
|        tbl_fcfs_ct_write_key_2_execute        |   9    |    0     |  0   |    0     |  0   |   0   |  0   |   1    |   1   |   0    |   1    |   0    |
|    tbl_fcfs_ct_write_key_2_execute-gateway    |   9    |    0     |  0   |    1     |  0   |   0   |  0   |   0    |   0   |   1    |   0    |   0    |
|    Ingress.debug_index_allocation_failures    |   10   |    0     |  0   |    0     |  2   |   0   |  2   |   0    |   0   |   0    |   0    |   0    |
|         Ingress.fcfs_ct_index_to_key_2        |   10   |    2     |  0   |    0     |  9   |   0   |  9   |   0    |   0   |   0    |   0    |   0    |
|         Ingress.fcfs_ct_index_to_key_3        |   10   |    2     |  0   |    0     |  9   |   0   |  9   |   0    |   0   |   0    |   0    |   0    |
|             Ingress.fcfs_ct_keys_3            |   10   |    2     |  0   |    0     |  9   |   0   |  9   |   0    |   0   |   0    |   0    |   0    |
|                    cond-21                    |   10   |    1     |  0   |    1     |  0   |   0   |  0   |   0    |   0   |   1    |   0    |   0    |
|        tbl_fcfs_cached_table_65536l648        |   10   |    0     |  0   |    0     |  0   |   0   |  0   |   0    |   1   |   0    |   1    |   0    |
|    tbl_fcfs_cached_table_65536l648-gateway    |   10   |    0     |  0   |    1     |  0   |   0   |  0   |   0    |   0   |   1    |   0    |   0    |
|        tbl_fcfs_cached_table_65536l649        |   10   |    4     |  23  |    0     |  0   |   0   |  0   |   0    |   1   |   0    |   1    |   0    |
|    tbl_fcfs_cached_table_65536l649-gateway    |   10   |    0     |  0   |    1     |  0   |   0   |  0   |   0    |   0   |   1    |   0    |   0    |
|        tbl_fcfs_cached_table_65536l670        |   10   |    0     |  0   |    0     |  0   |   0   |  0   |   0    |   1   |   0    |   0    |   1    |
|         tbl_fcfs_ct_read_key_3_execute        |   10   |    2     |  16  |    0     |  0   |   0   |  0   |   1    |   1   |   0    |   1    |   0    |
|     tbl_fcfs_ct_read_key_3_execute-gateway    |   10   |    0     |  0   |    1     |  0   |   0   |  0   |   0    |   0   |   1    |   0    |   0    |
|        tbl_fcfs_ct_read_key_3_execute_0       |   10   |    0     |  0   |    0     |  0   |   0   |  0   |   1    |   1   |   0    |   1    |   0    |
|    tbl_fcfs_ct_read_key_3_execute_0-gateway   |   10   |    0     |  0   |    1     |  0   |   0   |  0   |   0    |   0   |   1    |   0    |   0    |
|        tbl_fcfs_ct_write_key_3_execute        |   10   |    0     |  0   |    0     |  0   |   0   |  0   |   1    |   1   |   0    |   1    |   0    |
|    tbl_fcfs_ct_write_key_3_execute-gateway    |   10   |    0     |  0   |    1     |  0   |   0   |  0   |   0    |   0   |   1    |   0    |   0    |
|         Ingress.fcfs_ct_index_to_key_1        |   11   |    4     |  0   |    0     |  17  |   0   |  17  |   0    |   0   |   0    |   0    |   0    |
| Ingress.fcfs_ct_integer_allocator_pending_reg |   11   |    0     |  0   |    0     |  5   |   0   |  5   |   0    |   0   |   0    |   0    |   0    |
|             Ingress.fcfs_ct_values            |   11   |    4     |  0   |    0     |  17  |   0   |  17  |   0    |   0   |   0    |   0    |   0    |
|                    cond-15                    |   11   |    1     |  0   |    1     |  0   |   0   |  0   |   0    |   0   |   1    |   0    |   0    |
|                    cond-19                    |   11   |    1     |  0   |    1     |  0   |   0   |  0   |   0    |   0   |   1    |   0    |   0    |
|        tbl_fcfs_cached_table_65536l595        |   11   |    0     |  0   |    0     |  0   |   0   |  0   |   0    |   1   |   0    |   0    |   1    |
|        tbl_fcfs_cached_table_65536l627        |   11   |    0     |  0   |    0     |  0   |   0   |  0   |   0    |   1   |   0    |   0    |   1    |
|        tbl_fcfs_cached_table_65536l642        |   11   |    4     |  23  |    0     |  0   |   0   |  0   |   0    |   1   |   0    |   1    |   0    |
|    tbl_fcfs_cached_table_65536l642-gateway    |   11   |    0     |  0   |    1     |  0   |   0   |  0   |   0    |   0   |   1    |   0    |   0    |
|        tbl_fcfs_cached_table_65536l647        |   11   |    4     |  23  |    0     |  0   |   0   |  0   |   0    |   1   |   0    |   1    |   0    |
|    tbl_fcfs_cached_table_65536l647-gateway    |   11   |    0     |  0   |    1     |  0   |   0   |  0   |   0    |   0   |   1    |   0    |   0    |
|         tbl_fcfs_ct_read_value_execute        |   11   |    2     |  16  |    0     |  0   |   0   |  0   |   4    |   1   |   0    |   1    |   0    |
|     tbl_fcfs_ct_read_value_execute-gateway    |   11   |    0     |  0   |    1     |  0   |   0   |  0   |   0    |   0   |   1    |   0    |   0    |
|        tbl_fcfs_ct_read_value_execute_0       |   11   |    0     |  0   |    0     |  0   |   0   |  0   |   4    |   1   |   0    |   1    |   0    |
|    tbl_fcfs_ct_read_value_execute_0-gateway   |   11   |    0     |  0   |    1     |  0   |   0   |  0   |   0    |   0   |   1    |   0    |   0    |
|        tbl_fcfs_ct_write_value_execute        |   11   |    0     |  0   |    0     |  0   |   0   |  0   |   4    |   1   |   0    |   1    |   0    |
|    tbl_fcfs_ct_write_value_execute-gateway    |   11   |    0     |  0   |    1     |  0   |   0   |  0   |   0    |   0   |   1    |   0    |   0    |
|         Ingress.fcfs_ct_index_to_key_0        |   12   |    4     |  0   |    0     |  17  |   0   |  17  |   0    |   0   |   0    |   0    |   0    |
|                    cond-16                    |   12   |    1     |  0   |    1     |  0   |   0   |  0   |   0    |   0   |   1    |   0    |   0    |
|                    cond-22                    |   12   |    1     |  0   |    1     |  0   |   0   |  0   |   0    |   0   |   1    |   0    |   0    |
|               tbl_build_cpu_hdr               |   12   |    0     |  0   |    0     |  0   |   0   |  0   |   0    |   1   |   0    |   0    |   1    |
|        tbl_fcfs_cached_table_65536l600        |   12   |    0     |  0   |    0     |  0   |   0   |  0   |   0    |   1   |   0    |   0    |   1    |
|        tbl_fcfs_cached_table_65536l646        |   12   |    4     |  23  |    0     |  0   |   0   |  0   |   0    |   1   |   0    |   1    |   0    |
|    tbl_fcfs_cached_table_65536l646-gateway    |   12   |    0     |  0   |    1     |  0   |   0   |  0   |   0    |   0   |   1    |   0    |   0    |
|        tbl_fcfs_cached_table_65536l676        |   12   |    0     |  0   |    0     |  0   |   0   |  0   |   0    |   1   |   0    |   0    |   1    |
|      Ingress.vector_table_1074094376_149      |   13   |    4     |  40  |    0     |  4   |   0   |  0   |   4    |   2   |   1    |   1    |   0    |
|      Ingress.vector_table_1074094376_187      |   13   |    4     |  40  |    0     |  4   |   0   |  0   |   4    |   2   |   1    |   1    |   0    |
|        tbl_fcfs_cached_table_65536l604        |   13   |    0     |  0   |    0     |  0   |   0   |  0   |   0    |   1   |   0    |   0    |   1    |
|        tbl_fcfs_cached_table_65536l674        |   13   |    0     |  0   |    0     |  0   |   0   |  0   |   0    |   1   |   0    |   0    |   1    |
|        tbl_fcfs_cached_table_65536l602        |   14   |    0     |  0   |    0     |  0   |   0   |  0   |   0    |   1   |   0    |   0    |   1    |
|        tbl_fcfs_cached_table_65536l681        |   14   |    0     |  0   |    0     |  0   |   0   |  0   |   0    |   1   |   0    |   0    |   1    |
|             Ingress.forwarding_tbl            |   15   |    7     |  0   |    0     |  1   |   2   |  0   |   6    |   4   |   0    |   0    |   1    |
|         Ingress.forwarding_tbl$action         |   15   |    0     |  0   |    0     |  1   |   0   |  0   |   0    |   0   |   0    |   0    |   0    |
----------------------------------------------------------------------------------------------------------------------------------------------------------

