+---------------------------------------------------------------------+
|  Log file: mau.resources.log                                        |
|  Compiler version: 9.13.4                                           |
|  Created on: Thu Jan  8 11:10:44 2026                               |
|  Run ID: 2718d4e25cf749ad                                           |
+---------------------------------------------------------------------+


---------------------------------------------------------------------------------------------------------------------------------------------------------------------------------------------------------------------------------------------------------------------------------------------------------------------------------------------------------------
| Stage Number | Exact Match Input xbar | Ternary Match Input xbar | Hash Bit | Hash Dist Unit | Gateway | SRAM | Map RAM | TCAM | VLIW Instr | Meter ALU | Stats ALU | Stash | Exact Match Search Bus | Exact Match Result Bus | Tind Result Bus | Action Data Bus Bytes | 8-bit Action Slots | 16-bit Action Slots | 32-bit Action Slots | Logical TableID |
---------------------------------------------------------------------------------------------------------------------------------------------------------------------------------------------------------------------------------------------------------------------------------------------------------------------------------------------------------------
|      0       |           4            |            0             |    40    |       0        |    1    |  4   |    0    |  0   |     3      |     0     |     0     |   0   |           1            |           1            |        2        |           4           |         0          |          0          |          0          |        3        |
|      1       |           4            |            0             |    40    |       0        |    0    |  4   |    0    |  0   |     1      |     0     |     0     |   0   |           1            |           1            |        0        |           6           |         0          |          0          |          0          |        1        |
|      2       |           28           |            0             |    70    |       0        |    1    |  80  |    40   |  0   |     2      |     0     |     0     |   0   |           2            |           1            |        2        |           4           |         0          |          0          |          0          |        3        |
|      3       |           36           |            0             |   120    |       1        |    1    |  80  |    40   |  0   |     3      |     0     |     0     |   0   |           3            |           3            |        1        |           13          |         0          |          0          |          0          |        4        |
|      4       |           37           |            0             |    86    |       1        |    1    |  80  |    40   |  0   |     2      |     0     |     0     |   0   |           2            |           2            |        1        |           9           |         0          |          0          |          0          |        2        |
|      5       |           14           |            0             |    64    |       1        |    2    |  21  |    13   |  0   |     3      |     1     |     0     |   0   |           2            |           3            |        1        |           8           |         0          |          0          |          0          |        4        |
|      6       |           9            |            0             |    16    |       1        |    4    |  19  |    19   |  0   |     2      |     2     |     0     |   0   |           3            |           3            |        3        |           5           |         0          |          0          |          0          |        4        |
|      7       |           10           |            0             |    16    |       1        |    3    |  19  |    19   |  0   |     2      |     2     |     0     |   0   |           2            |           3            |        1        |           5           |         0          |          0          |          0          |        4        |
|      8       |           12           |            0             |    39    |       2        |    5    |  14  |    14   |  0   |     3      |     2     |     0     |   0   |           3            |           4            |        1        |           5           |         0          |          0          |          0          |        5        |
|      9       |           17           |            0             |    62    |       3        |    7    |  32  |    32   |  0   |     3      |     4     |     0     |   0   |           4            |           6            |        1        |           1           |         0          |          0          |          0          |        7        |
|      10      |           13           |            0             |    23    |       1        |    4    |  34  |    34   |  0   |     3      |     2     |     0     |   0   |           3            |           2            |        3        |           0           |         0          |          0          |          0          |        5        |
|      11      |           9            |            0             |    16    |       1        |    5    |  17  |    17   |  0   |     3      |     1     |     0     |   0   |           5            |           3            |        5        |           4           |         0          |          0          |          0          |        6        |
|      12      |           8            |            0             |    80    |       0        |    0    |  8   |    0    |  0   |     3      |     0     |     0     |   0   |           2            |           2            |        2        |           4           |         0          |          0          |          0          |        4        |
|      13      |           0            |            0             |    0     |       0        |    0    |  0   |    0    |  0   |     2      |     0     |     0     |   0   |           0            |           0            |        2        |           0           |         0          |          0          |          0          |        2        |
|      14      |           0            |            7             |    0     |       0        |    0    |  2   |    0    |  2   |     4      |     0     |     0     |   0   |           0            |           0            |        1        |           6           |         0          |          0          |          0          |        1        |
|      15      |           0            |            0             |    0     |       0        |    0    |  0   |    0    |  0   |     0      |     0     |     0     |   0   |           0            |           0            |        0        |           0           |         0          |          0          |          0          |        0        |
|      16      |           0            |            0             |    0     |       0        |    0    |  0   |    0    |  0   |     0      |     0     |     0     |   0   |           0            |           0            |        0        |           0           |         0          |          0          |          0          |        0        |
|      17      |           0            |            0             |    0     |       0        |    0    |  0   |    0    |  0   |     0      |     0     |     0     |   0   |           0            |           0            |        0        |           0           |         0          |          0          |          0          |        0        |
|      18      |           0            |            0             |    0     |       0        |    0    |  0   |    0    |  0   |     0      |     0     |     0     |   0   |           0            |           0            |        0        |           0           |         0          |          0          |          0          |        0        |
|      19      |           0            |            0             |    0     |       0        |    0    |  0   |    0    |  0   |     0      |     0     |     0     |   0   |           0            |           0            |        0        |           0           |         0          |          0          |          0          |        0        |
|              |                        |                          |          |                |         |      |         |      |            |           |           |       |                        |                        |                 |                       |                    |                     |                     |                 |
|    Totals    |          201           |            7             |   672    |       12       |    34   | 414  |   268   |  2   |     39     |     14    |     0     |   0   |           33           |           34           |        26       |           74          |         0          |          0          |          0          |        55       |
---------------------------------------------------------------------------------------------------------------------------------------------------------------------------------------------------------------------------------------------------------------------------------------------------------------------------------------------------------------


-------------------------------------------------------------------------------------------------------------------------------------------------------------------------------------------------------------------------------------------------------------------------------------------------------------------------------------------------------------------
| Stage Number | Exact Match Input xbar | Ternary Match Input xbar | Hash Bit | Hash Dist Unit | Gateway |   SRAM  | Map RAM |  TCAM | VLIW Instr | Meter ALU | Stats ALU | Stash | Exact Match Search Bus | Exact Match Result Bus | Tind Result Bus | Action Data Bus Bytes | 8-bit Action Slots | 16-bit Action Slots | 32-bit Action Slots | Logical TableID |
-------------------------------------------------------------------------------------------------------------------------------------------------------------------------------------------------------------------------------------------------------------------------------------------------------------------------------------------------------------------
|      0       |         3.12%          |          0.00%           |  9.62%   |     0.00%      |  6.25%  |  5.00%  |  0.00%  | 0.00% |   9.38%    |   0.00%   |   0.00%   | 0.00% |         6.25%          |         6.25%          |      12.50%     |         3.12%         |       0.00%        |        0.00%        |        0.00%        |      18.75%     |
|      1       |         3.12%          |          0.00%           |  9.62%   |     0.00%      |  0.00%  |  5.00%  |  0.00%  | 0.00% |   3.12%    |   0.00%   |   0.00%   | 0.00% |         6.25%          |         6.25%          |      0.00%      |         4.69%         |       0.00%        |        0.00%        |        0.00%        |      6.25%      |
|      2       |         21.88%         |          0.00%           |  16.83%  |     0.00%      |  6.25%  | 100.00% |  83.33% | 0.00% |   6.25%    |   0.00%   |   0.00%   | 0.00% |         12.50%         |         6.25%          |      12.50%     |         3.12%         |       0.00%        |        0.00%        |        0.00%        |      18.75%     |
|      3       |         28.12%         |          0.00%           |  28.85%  |     16.67%     |  6.25%  | 100.00% |  83.33% | 0.00% |   9.38%    |   0.00%   |   0.00%   | 0.00% |         18.75%         |         18.75%         |      6.25%      |         10.16%        |       0.00%        |        0.00%        |        0.00%        |      25.00%     |
|      4       |         28.91%         |          0.00%           |  20.67%  |     16.67%     |  6.25%  | 100.00% |  83.33% | 0.00% |   6.25%    |   0.00%   |   0.00%   | 0.00% |         12.50%         |         12.50%         |      6.25%      |         7.03%         |       0.00%        |        0.00%        |        0.00%        |      12.50%     |
|      5       |         10.94%         |          0.00%           |  15.38%  |     16.67%     |  12.50% |  26.25% |  27.08% | 0.00% |   9.38%    |   25.00%  |   0.00%   | 0.00% |         12.50%         |         18.75%         |      6.25%      |         6.25%         |       0.00%        |        0.00%        |        0.00%        |      25.00%     |
|      6       |         7.03%          |          0.00%           |  3.85%   |     16.67%     |  25.00% |  23.75% |  39.58% | 0.00% |   6.25%    |   50.00%  |   0.00%   | 0.00% |         18.75%         |         18.75%         |      18.75%     |         3.91%         |       0.00%        |        0.00%        |        0.00%        |      25.00%     |
|      7       |         7.81%          |          0.00%           |  3.85%   |     16.67%     |  18.75% |  23.75% |  39.58% | 0.00% |   6.25%    |   50.00%  |   0.00%   | 0.00% |         12.50%         |         18.75%         |      6.25%      |         3.91%         |       0.00%        |        0.00%        |        0.00%        |      25.00%     |
|      8       |         9.38%          |          0.00%           |  9.38%   |     33.33%     |  31.25% |  17.50% |  29.17% | 0.00% |   9.38%    |   50.00%  |   0.00%   | 0.00% |         18.75%         |         25.00%         |      6.25%      |         3.91%         |       0.00%        |        0.00%        |        0.00%        |      31.25%     |
|      9       |         13.28%         |          0.00%           |  14.90%  |     50.00%     |  43.75% |  40.00% |  66.67% | 0.00% |   9.38%    |  100.00%  |   0.00%   | 0.00% |         25.00%         |         37.50%         |      6.25%      |         0.78%         |       0.00%        |        0.00%        |        0.00%        |      43.75%     |
|      10      |         10.16%         |          0.00%           |  5.53%   |     16.67%     |  25.00% |  42.50% |  70.83% | 0.00% |   9.38%    |   50.00%  |   0.00%   | 0.00% |         18.75%         |         12.50%         |      18.75%     |         0.00%         |       0.00%        |        0.00%        |        0.00%        |      31.25%     |
|      11      |         7.03%          |          0.00%           |  3.85%   |     16.67%     |  31.25% |  21.25% |  35.42% | 0.00% |   9.38%    |   25.00%  |   0.00%   | 0.00% |         31.25%         |         18.75%         |      31.25%     |         3.12%         |       0.00%        |        0.00%        |        0.00%        |      37.50%     |
|      12      |         6.25%          |          0.00%           |  19.23%  |     0.00%      |  0.00%  |  10.00% |  0.00%  | 0.00% |   9.38%    |   0.00%   |   0.00%   | 0.00% |         12.50%         |         12.50%         |      12.50%     |         3.12%         |       0.00%        |        0.00%        |        0.00%        |      25.00%     |
|      13      |         0.00%          |          0.00%           |  0.00%   |     0.00%      |  0.00%  |  0.00%  |  0.00%  | 0.00% |   6.25%    |   0.00%   |   0.00%   | 0.00% |         0.00%          |         0.00%          |      12.50%     |         0.00%         |       0.00%        |        0.00%        |        0.00%        |      12.50%     |
|      14      |         0.00%          |          10.61%          |  0.00%   |     0.00%      |  0.00%  |  2.50%  |  0.00%  | 8.33% |   12.50%   |   0.00%   |   0.00%   | 0.00% |         0.00%          |         0.00%          |      6.25%      |         4.69%         |       0.00%        |        0.00%        |        0.00%        |      6.25%      |
|      15      |         0.00%          |          0.00%           |  0.00%   |     0.00%      |  0.00%  |  0.00%  |  0.00%  | 0.00% |   0.00%    |   0.00%   |   0.00%   | 0.00% |         0.00%          |         0.00%          |      0.00%      |         0.00%         |       0.00%        |        0.00%        |        0.00%        |      0.00%      |
|      16      |         0.00%          |          0.00%           |  0.00%   |     0.00%      |  0.00%  |  0.00%  |  0.00%  | 0.00% |   0.00%    |   0.00%   |   0.00%   | 0.00% |         0.00%          |         0.00%          |      0.00%      |         0.00%         |       0.00%        |        0.00%        |        0.00%        |      0.00%      |
|      17      |         0.00%          |          0.00%           |  0.00%   |     0.00%      |  0.00%  |  0.00%  |  0.00%  | 0.00% |   0.00%    |   0.00%   |   0.00%   | 0.00% |         0.00%          |         0.00%          |      0.00%      |         0.00%         |       0.00%        |        0.00%        |        0.00%        |      0.00%      |
|      18      |         0.00%          |          0.00%           |  0.00%   |     0.00%      |  0.00%  |  0.00%  |  0.00%  | 0.00% |   0.00%    |   0.00%   |   0.00%   | 0.00% |         0.00%          |         0.00%          |      0.00%      |         0.00%         |       0.00%        |        0.00%        |        0.00%        |      0.00%      |
|      19      |         0.00%          |          0.00%           |  0.00%   |     0.00%      |  0.00%  |  0.00%  |  0.00%  | 0.00% |   0.00%    |   0.00%   |   0.00%   | 0.00% |         0.00%          |         0.00%          |      0.00%      |         0.00%         |       0.00%        |        0.00%        |        0.00%        |      0.00%      |
|              |                        |                          |          |                |         |         |         |       |            |           |           |       |                        |                        |                 |                       |                    |                     |                     |                 |
|   Average    |         10.47%         |          0.71%           |  10.77%  |     13.33%     |  14.17% |  34.50% |  37.22% | 0.56% |   8.12%    |   23.33%  |   0.00%   | 0.00% |         13.75%         |         14.17%         |      10.83%     |         3.85%         |       0.00%        |        0.00%        |        0.00%        |      22.92%     |
-------------------------------------------------------------------------------------------------------------------------------------------------------------------------------------------------------------------------------------------------------------------------------------------------------------------------------------------------------------------


Allocated Resource Usage
----------------------------------------------------------------------------------------------------------------------------------------------------------
|                     Table                     | Stage  | Crossbar | Hash | Gateways | RAMs | TCAMs | Map  | Action |  VLIW |  Exm   |  Exm   |  Tind  |
|                      Name                     | Number |  Bytes   | Bits |          |      |       | RAMs |  Data  | Slots | Search | Result | Result |
|                                               |        |          |      |          |      |       |      |  Bus   |       |  Bus   |  Bus   |  Bus   |
|                                               |        |          |      |          |      |       |      | Bytes  |       |        |        |        |
----------------------------------------------------------------------------------------------------------------------------------------------------------
|          IngressParser.$PORT_METADATA         |   -1   |    0     |  0   |    0     |  0   |   0   |  0   |   0    |   0   |   0    |   0    |   0    |
|         Ingress.ingress_port_to_nf_dev        |   0    |    2     |  40  |    0     |  4   |   0   |  0   |   4    |   3   |   1    |   1    |   0    |
|                    cond-15                    |   0    |    2     |  0   |    1     |  0   |   0   |  0   |   0    |   0   |   1    |   0    |   0    |
|            tbl_fcfs_cached_table563           |   0    |    0     |  0   |    0     |  0   |   0   |  0   |   0    |   1   |   0    |   0    |   1    |
|            tbl_fcfs_cached_table676           |   0    |    0     |  0   |    0     |  0   |   0   |  0   |   0    |   1   |   0    |   0    |   1    |
|      Ingress.vector_table_1074077160_139      |   1    |    4     |  40  |    0     |  4   |   0   |  0   |   6    |   2   |   1    |   1    |   0    |
|            Ingress.fcfs_ct_table_1            |   2    |    24    |  70  |    0     |  80  |   0   |  40  |   4    |   2   |   1    |   1    |   0    |
|                    cond-16                    |   2    |    4     |  0   |    1     |  0   |   0   |  0   |   0    |   0   |   1    |   0    |   0    |
|            tbl_fcfs_cached_table569           |   2    |    0     |  0   |    0     |  0   |   0   |  0   |   0    |   1   |   0    |   0    |   1    |
|            tbl_fcfs_cached_table597           |   2    |    0     |  0   |    0     |  0   |   0   |  0   |   0    |   1   |   0    |   0    |   1    |
|            Ingress.fcfs_ct_table_0            |   3    |    12    |  52  |    0     |  32  |   0   |  16  |   4    |   2   |   1    |   1    |   0    |
|            Ingress.fcfs_ct_table_1            |   3    |    12    |  52  |    0     |  48  |   0   |  24  |   4    |   2   |   1    |   1    |   0    |
|                   tbl_act_1                   |   3    |    0     |  0   |    0     |  0   |   0   |  0   |   0    |   1   |   0    |   0    |   1    |
|             tbl_fcfs_ct_calc_hash             |   3    |    12    |  16  |    0     |  0   |   0   |  0   |   5    |   1   |   0    |   1    |   0    |
|         tbl_fcfs_ct_calc_hash-gateway         |   3    |    0     |  0   |    1     |  0   |   0   |  0   |   0    |   0   |   1    |   0    |   0    |
|            Ingress.fcfs_ct_table_0            |   4    |    24    |  70  |    0     |  80  |   0   |  40  |   4    |   2   |   1    |   1    |   0    |
|                    cond-20                    |   4    |    1     |  0   |    1     |  0   |   0   |  0   |   0    |   0   |   1    |   0    |   1    |
|            tbl_fcfs_ct_calc_hash_0            |   4    |    12    |  16  |    0     |  0   |   0   |  0   |   5    |   1   |   0    |   1    |   0    |
|          Ingress.fcfs_ct_liveness_reg         |   5    |    0     |  0   |    0     |  5   |   0   |  5   |   0    |   0   |   0    |   0    |   0    |
|            Ingress.fcfs_ct_table_0            |   5    |    12    |  48  |    0     |  16  |   0   |  8   |   4    |   2   |   1    |   1    |   0    |
|                    tbl_act                    |   5    |    0     |  0   |    0     |  0   |   0   |  0   |   0    |   1   |   0    |   0    |   1    |
|            tbl_fcfs_cached_table575           |   5    |    0     |  0   |    0     |  0   |   0   |  0   |   4    |   1   |   0    |   1    |   0    |
|        tbl_fcfs_cached_table575-gateway       |   5    |    0     |  0   |    1     |  0   |   0   |  0   |   0    |   0   |   1    |   0    |   0    |
|            tbl_fcfs_cached_table607           |   5    |    2     |  16  |    0     |  0   |   0   |  0   |   4    |   1   |   0    |   1    |   0    |
|        tbl_fcfs_cached_table607-gateway       |   5    |    0     |  0   |    1     |  0   |   0   |  0   |   0    |   0   |   1    |   0    |   0    |
|   Ingress.fcfs_ct_integer_allocator_tail_reg  |   6    |    0     |  0   |    0     |  2   |   0   |  2   |   0    |   0   |   0    |   0    |   0    |
|             Ingress.fcfs_ct_keys_0            |   6    |    4     |  0   |    0     |  17  |   0   |  17  |   0    |   0   |   0    |   0    |   0    |
|                    cond-17                    |   6    |    2     |  0   |    1     |  0   |   0   |  0   |   0    |   0   |   1    |   0    |   1    |
|                    cond-21                    |   6    |    1     |  0   |    1     |  0   |   0   |  0   |   0    |   0   |   1    |   0    |   1    |
|                    cond-23                    |   6    |    1     |  0   |    1     |  0   |   0   |  0   |   0    |   0   |   1    |   0    |   0    |
|            tbl_fcfs_cached_table627           |   6    |    0     |  0   |    0     |  0   |   0   |  0   |   4    |   1   |   0    |   0    |   1    |
|         tbl_fcfs_ct_read_key_0_execute        |   6    |    0     |  0   |    0     |  0   |   0   |  0   |   1    |   1   |   0    |   1    |   0    |
|        tbl_fcfs_ct_read_key_0_execute_0       |   6    |    2     |  16  |    0     |  0   |   0   |  0   |   1    |   1   |   0    |   1    |   0    |
|        tbl_fcfs_ct_write_key_0_execute        |   6    |    0     |  0   |    0     |  0   |   0   |  0   |   1    |   1   |   0    |   1    |   0    |
|    tbl_fcfs_ct_write_key_0_execute-gateway    |   6    |    0     |  0   |    1     |  0   |   0   |  0   |   0    |   0   |   1    |   0    |   0    |
|   Ingress.fcfs_ct_integer_allocator_head_reg  |   7    |    4     |  0   |    0     |  2   |   0   |  2   |   0    |   0   |   0    |   0    |   0    |
|             Ingress.fcfs_ct_keys_1            |   7    |    4     |  0   |    0     |  17  |   0   |  17  |   0    |   0   |   0    |   0    |   0    |
|            tbl_fcfs_cached_table628           |   7    |    0     |  0   |    0     |  0   |   0   |  0   |   4    |   1   |   0    |   0    |   1    |
|         tbl_fcfs_ct_read_key_1_execute        |   7    |    2     |  16  |    0     |  0   |   0   |  0   |   1    |   1   |   0    |   1    |   0    |
|     tbl_fcfs_ct_read_key_1_execute-gateway    |   7    |    0     |  0   |    1     |  0   |   0   |  0   |   0    |   0   |   1    |   0    |   0    |
|        tbl_fcfs_ct_read_key_1_execute_0       |   7    |    0     |  0   |    0     |  0   |   0   |  0   |   1    |   1   |   0    |   1    |   0    |
|    tbl_fcfs_ct_read_key_1_execute_0-gateway   |   7    |    0     |  0   |    1     |  0   |   0   |  0   |   0    |   0   |   1    |   0    |   0    |
|        tbl_fcfs_ct_write_key_1_execute        |   7    |    0     |  0   |    0     |  0   |   0   |  0   |   1    |   1   |   0    |   1    |   0    |
|    tbl_fcfs_ct_write_key_1_execute-gateway    |   7    |    0     |  0   |    1     |  0   |   0   |  0   |   0    |   0   |   1    |   0    |   0    |
| Ingress.fcfs_ct_integer_allocator_indexes_reg |   8    |    0     |  0   |    0     |  5   |   0   |  5   |   0    |   0   |   0    |   0    |   0    |
|             Ingress.fcfs_ct_keys_2            |   8    |    2     |  0   |    0     |  9   |   0   |  9   |   0    |   0   |   0    |   0    |   0    |
|                    cond-24                    |   8    |    8     |  0   |    1     |  0   |   0   |  0   |   0    |   0   |   1    |   0    |   0    |
|            tbl_fcfs_cached_table630           |   8    |    4     |  23  |    0     |  0   |   0   |  0   |   4    |   1   |   0    |   1    |   0    |
|        tbl_fcfs_cached_table630-gateway       |   8    |    0     |  0   |    1     |  0   |   0   |  0   |   0    |   0   |   1    |   0    |   0    |
|            tbl_fcfs_cached_table640           |   8    |    0     |  0   |    0     |  0   |   0   |  0   |   0    |   1   |   0    |   0    |   1    |
|         tbl_fcfs_ct_read_key_2_execute        |   8    |    2     |  16  |    0     |  0   |   0   |  0   |   1    |   1   |   0    |   1    |   0    |
|     tbl_fcfs_ct_read_key_2_execute-gateway    |   8    |    0     |  0   |    1     |  0   |   0   |  0   |   0    |   0   |   1    |   0    |   0    |
|        tbl_fcfs_ct_read_key_2_execute_0       |   8    |    0     |  0   |    0     |  0   |   0   |  0   |   1    |   1   |   0    |   1    |   0    |
|    tbl_fcfs_ct_read_key_2_execute_0-gateway   |   8    |    0     |  0   |    1     |  0   |   0   |  0   |   0    |   0   |   1    |   0    |   0    |
|        tbl_fcfs_ct_write_key_2_execute        |   8    |    0     |  0   |    0     |  0   |   0   |  0   |   1    |   1   |   0    |   1    |   0    |
|    tbl_fcfs_ct_write_key_2_execute-gateway    |   8    |    0     |  0   |    1     |  0   |   0   |  0   |   0    |   0   |   1    |   0    |   0    |
|         Ingress.fcfs_ct_index_to_key_2        |   9    |    2     |  0   |    0     |  9   |   0   |  9   |   0    |   0   |   0    |   0    |   0    |
|         Ingress.fcfs_ct_index_to_key_3        |   9    |    2     |  0   |    0     |  9   |   0   |  9   |   0    |   0   |   0    |   0    |   0    |
| Ingress.fcfs_ct_integer_allocator_pending_reg |   9    |    0     |  0   |    0     |  5   |   0   |  5   |   0    |   0   |   0    |   0    |   0    |
|             Ingress.fcfs_ct_keys_3            |   9    |    2     |  0   |    0     |  9   |   0   |  9   |   0    |   0   |   0    |   0    |   0    |
|                    cond-27                    |   9    |    1     |  0   |    1     |  0   |   0   |  0   |   0    |   0   |   1    |   0    |   0    |
|            tbl_fcfs_cached_table631           |   9    |    4     |  23  |    0     |  0   |   0   |  0   |   0    |   1   |   0    |   1    |   0    |
|        tbl_fcfs_cached_table631-gateway       |   9    |    0     |  0   |    1     |  0   |   0   |  0   |   0    |   0   |   1    |   0    |   0    |
|            tbl_fcfs_cached_table637           |   9    |    0     |  0   |    0     |  0   |   0   |  0   |   0    |   1   |   0    |   1    |   0    |
|        tbl_fcfs_cached_table637-gateway       |   9    |    0     |  0   |    1     |  0   |   0   |  0   |   0    |   0   |   1    |   0    |   0    |
|            tbl_fcfs_cached_table638           |   9    |    4     |  23  |    0     |  0   |   0   |  0   |   0    |   1   |   0    |   1    |   0    |
|        tbl_fcfs_cached_table638-gateway       |   9    |    0     |  0   |    1     |  0   |   0   |  0   |   0    |   0   |   1    |   0    |   0    |
|            tbl_fcfs_cached_table657           |   9    |    0     |  0   |    0     |  0   |   0   |  0   |   0    |   1   |   0    |   0    |   1    |
|         tbl_fcfs_ct_read_key_3_execute        |   9    |    2     |  16  |    0     |  0   |   0   |  0   |   1    |   1   |   0    |   1    |   0    |
|     tbl_fcfs_ct_read_key_3_execute-gateway    |   9    |    0     |  0   |    1     |  0   |   0   |  0   |   0    |   0   |   1    |   0    |   0    |
|        tbl_fcfs_ct_read_key_3_execute_0       |   9    |    0     |  0   |    0     |  0   |   0   |  0   |   1    |   1   |   0    |   1    |   0    |
|    tbl_fcfs_ct_read_key_3_execute_0-gateway   |   9    |    0     |  0   |    1     |  0   |   0   |  0   |   0    |   0   |   1    |   0    |   0    |
|        tbl_fcfs_ct_write_key_3_execute        |   9    |    0     |  0   |    0     |  0   |   0   |  0   |   1    |   1   |   0    |   1    |   0    |
|    tbl_fcfs_ct_write_key_3_execute-gateway    |   9    |    0     |  0   |    1     |  0   |   0   |  0   |   0    |   0   |   1    |   0    |   0    |
|         Ingress.fcfs_ct_index_to_key_0        |   10   |    4     |  0   |    0     |  17  |   0   |  17  |   0    |   0   |   0    |   0    |   0    |
|         Ingress.fcfs_ct_index_to_key_1        |   10   |    4     |  0   |    0     |  17  |   0   |  17  |   0    |   0   |   0    |   0    |   0    |
|                    cond-18                    |   10   |    1     |  0   |    1     |  0   |   0   |  0   |   0    |   0   |   1    |   0    |   0    |
|                    cond-22                    |   10   |    1     |  0   |    1     |  0   |   0   |  0   |   0    |   0   |   1    |   0    |   0    |
|            tbl_fcfs_cached_table584           |   10   |    0     |  0   |    0     |  0   |   0   |  0   |   0    |   1   |   0    |   0    |   1    |
|            tbl_fcfs_cached_table615           |   10   |    0     |  0   |    0     |  0   |   0   |  0   |   0    |   1   |   0    |   0    |   1    |
|            tbl_fcfs_cached_table617           |   10   |    0     |  0   |    0     |  0   |   0   |  0   |   0    |   1   |   0    |   0    |   1    |
|            tbl_fcfs_cached_table635           |   10   |    0     |  0   |    0     |  0   |   0   |  0   |   0    |   1   |   0    |   1    |   0    |
|        tbl_fcfs_cached_table635-gateway       |   10   |    0     |  0   |    1     |  0   |   0   |  0   |   0    |   0   |   1    |   0    |   0    |
|            tbl_fcfs_cached_table636           |   10   |    4     |  23  |    0     |  0   |   0   |  0   |   0    |   1   |   0    |   1    |   0    |
|        tbl_fcfs_cached_table636-gateway       |   10   |    0     |  0   |    1     |  0   |   0   |  0   |   0    |   0   |   1    |   0    |   0    |
|             Ingress.fcfs_ct_values            |   11   |    4     |  0   |    0     |  17  |   0   |  17  |   0    |   0   |   0    |   0    |   0    |
|                    cond-19                    |   11   |    1     |  0   |    1     |  0   |   0   |  0   |   0    |   0   |   1    |   0    |   0    |
|                    cond-25                    |   11   |    1     |  0   |    1     |  0   |   0   |  0   |   0    |   0   |   1    |   0    |   1    |
|                    cond-26                    |   11   |    1     |  0   |    1     |  0   |   0   |  0   |   0    |   0   |   1    |   0    |   1    |
|                    cond-28                    |   11   |    1     |  0   |    1     |  0   |   0   |  0   |   0    |   0   |   1    |   0    |   0    |
|               tbl_build_cpu_hdr               |   11   |    0     |  0   |    0     |  0   |   0   |  0   |   0    |   1   |   0    |   0    |   1    |
|            tbl_fcfs_cached_table593           |   11   |    0     |  0   |    0     |  0   |   0   |  0   |   0    |   1   |   0    |   0    |   1    |
|            tbl_fcfs_cached_table661           |   11   |    0     |  0   |    0     |  0   |   0   |  0   |   0    |   1   |   0    |   0    |   1    |
|         tbl_fcfs_ct_read_value_execute        |   11   |    2     |  16  |    0     |  0   |   0   |  0   |   4    |   1   |   0    |   1    |   0    |
|     tbl_fcfs_ct_read_value_execute-gateway    |   11   |    0     |  0   |    1     |  0   |   0   |  0   |   0    |   0   |   1    |   0    |   0    |
|        tbl_fcfs_ct_read_value_execute_0       |   11   |    0     |  0   |    0     |  0   |   0   |  0   |   4    |   1   |   0    |   1    |   0    |
|        tbl_fcfs_ct_write_value_execute        |   11   |    0     |  0   |    0     |  0   |   0   |  0   |   4    |   1   |   0    |   1    |   0    |
|      Ingress.vector_table_1074094376_149      |   12   |    4     |  40  |    0     |  4   |   0   |  0   |   2    |   2   |   1    |   1    |   0    |
|      Ingress.vector_table_1074094376_187      |   12   |    4     |  40  |    0     |  4   |   0   |  0   |   2    |   2   |   1    |   1    |   0    |
|            tbl_fcfs_cached_table589           |   12   |    0     |  0   |    0     |  0   |   0   |  0   |   0    |   1   |   0    |   0    |   1    |
|            tbl_fcfs_cached_table663           |   12   |    0     |  0   |    0     |  0   |   0   |  0   |   0    |   1   |   0    |   0    |   1    |
|            tbl_fcfs_cached_table591           |   13   |    0     |  0   |    0     |  0   |   0   |  0   |   0    |   1   |   0    |   0    |   1    |
|            tbl_fcfs_cached_table670           |   13   |    0     |  0   |    0     |  0   |   0   |  0   |   0    |   1   |   0    |   0    |   1    |
|             Ingress.forwarding_tbl            |   14   |    7     |  0   |    0     |  1   |   2   |  0   |   6    |   4   |   0    |   0    |   1    |
|         Ingress.forwarding_tbl$action         |   14   |    0     |  0   |    0     |  1   |   0   |  0   |   0    |   0   |   0    |   0    |   0    |
----------------------------------------------------------------------------------------------------------------------------------------------------------

