+---------------------------------------------------------------------+
|  Log file: mau.resources.log                                        |
|  Compiler version: 9.13.4                                           |
|  Created on: Sun Sep  6 12:26:16 2026                               |
|  Run ID: f5fa84f33f00410c                                           |
+---------------------------------------------------------------------+


---------------------------------------------------------------------------------------------------------------------------------------------------------------------------------------------------------------------------------------------------------------------------------------------------------------------------------------------------------------
| Stage Number | Exact Match Input xbar | Ternary Match Input xbar | Hash Bit | Hash Dist Unit | Gateway | SRAM | Map RAM | TCAM | VLIW Instr | Meter ALU | Stats ALU | Stash | Exact Match Search Bus | Exact Match Result Bus | Tind Result Bus | Action Data Bus Bytes | 8-bit Action Slots | 16-bit Action Slots | 32-bit Action Slots | Logical TableID |
---------------------------------------------------------------------------------------------------------------------------------------------------------------------------------------------------------------------------------------------------------------------------------------------------------------------------------------------------------------
|      0       |           38           |            3             |    56    |       4        |    9    |  5   |    2    |  1   |     4      |     1     |     0     |   0   |           8            |           3            |        8        |           36          |         0          |          0          |          0          |        11       |
|      1       |           16           |            0             |    24    |       2        |    4    |  2   |    2    |  0   |     3      |     1     |     0     |   0   |           3            |           2            |        4        |           2           |         0          |          0          |          0          |        6        |
|      2       |           18           |            0             |    74    |       4        |    2    |  3   |    2    |  0   |     3      |     1     |     0     |   0   |           2            |           3            |        4        |           14          |         0          |          0          |          0          |        7        |
|      3       |           1            |            0             |    0     |       0        |    1    |  0   |    0    |  0   |     2      |     0     |     0     |   0   |           1            |           0            |        4        |           0           |         0          |          0          |          0          |        4        |
|      4       |           18           |            0             |    96    |       6        |    4    |  0   |    0    |  0   |     2      |     0     |     0     |   0   |           2            |           3            |        2        |           12          |         0          |          0          |          0          |        5        |
|      5       |           4            |            0             |    32    |       2        |    1    |  0   |    0    |  0   |     2      |     0     |     0     |   0   |           1            |           1            |        3        |           4           |         0          |          0          |          0          |        4        |
|      6       |           4            |            0             |    32    |       2        |    1    |  0   |    0    |  0   |     2      |     0     |     0     |   0   |           1            |           1            |        2        |           4           |         0          |          0          |          0          |        3        |
|      7       |           4            |            0             |    32    |       2        |    1    |  0   |    0    |  0   |     2      |     0     |     0     |   0   |           1            |           1            |        2        |           4           |         0          |          0          |          0          |        3        |
|      8       |           12           |            0             |    64    |       4        |    2    |  0   |    0    |  0   |     2      |     0     |     0     |   0   |           1            |           2            |        1        |           8           |         0          |          0          |          0          |        3        |
|      9       |           12           |            0             |    64    |       4        |    2    |  0   |    0    |  0   |     2      |     0     |     0     |   0   |           1            |           2            |        2        |           8           |         0          |          0          |          0          |        4        |
|      10      |           20           |            3             |    32    |       2        |    0    |  2   |    0    |  1   |     2      |     0     |     0     |   0   |           0            |           0            |        3        |           14          |         0          |          0          |          0          |        3        |
|      11      |           43           |            8             |    49    |       4        |    1    |  4   |    0    |  2   |     10     |     0     |     0     |   0   |           1            |           1            |        2        |           19          |         0          |          0          |          0          |        3        |
|      12      |           2            |            0             |    0     |       0        |    1    |  0   |    0    |  0   |     1      |     0     |     0     |   0   |           1            |           1            |        1        |           1           |         0          |          0          |          0          |        1        |
|      13      |           0            |            0             |    0     |       0        |    0    |  0   |    0    |  0   |     0      |     0     |     0     |   0   |           0            |           0            |        0        |           0           |         0          |          0          |          0          |        0        |
|      14      |           0            |            0             |    0     |       0        |    0    |  0   |    0    |  0   |     0      |     0     |     0     |   0   |           0            |           0            |        0        |           0           |         0          |          0          |          0          |        0        |
|      15      |           0            |            0             |    0     |       0        |    0    |  0   |    0    |  0   |     0      |     0     |     0     |   0   |           0            |           0            |        0        |           0           |         0          |          0          |          0          |        0        |
|      16      |           0            |            0             |    0     |       0        |    0    |  0   |    0    |  0   |     0      |     0     |     0     |   0   |           0            |           0            |        0        |           0           |         0          |          0          |          0          |        0        |
|      17      |           0            |            0             |    0     |       0        |    0    |  0   |    0    |  0   |     0      |     0     |     0     |   0   |           0            |           0            |        0        |           0           |         0          |          0          |          0          |        0        |
|      18      |           0            |            0             |    0     |       0        |    0    |  0   |    0    |  0   |     0      |     0     |     0     |   0   |           0            |           0            |        0        |           0           |         0          |          0          |          0          |        0        |
|      19      |           0            |            0             |    0     |       0        |    0    |  0   |    0    |  0   |     0      |     0     |     0     |   0   |           0            |           0            |        0        |           0           |         0          |          0          |          0          |        0        |
|              |                        |                          |          |                |         |      |         |      |            |           |           |       |                        |                        |                 |                       |                    |                     |                     |                 |
|    Totals    |          192           |            14            |   555    |       36       |    29   |  16  |    6    |  4   |     37     |     3     |     0     |   0   |           23           |           20           |        38       |          126          |         0          |          0          |          0          |        57       |
---------------------------------------------------------------------------------------------------------------------------------------------------------------------------------------------------------------------------------------------------------------------------------------------------------------------------------------------------------------


-----------------------------------------------------------------------------------------------------------------------------------------------------------------------------------------------------------------------------------------------------------------------------------------------------------------------------------------------------------------
| Stage Number | Exact Match Input xbar | Ternary Match Input xbar | Hash Bit | Hash Dist Unit | Gateway |  SRAM | Map RAM |  TCAM | VLIW Instr | Meter ALU | Stats ALU | Stash | Exact Match Search Bus | Exact Match Result Bus | Tind Result Bus | Action Data Bus Bytes | 8-bit Action Slots | 16-bit Action Slots | 32-bit Action Slots | Logical TableID |
-----------------------------------------------------------------------------------------------------------------------------------------------------------------------------------------------------------------------------------------------------------------------------------------------------------------------------------------------------------------
|      0       |         29.69%         |          4.55%           |  13.46%  |     66.67%     |  56.25% | 6.25% |  4.17%  | 4.17% |   12.50%   |   25.00%  |   0.00%   | 0.00% |         50.00%         |         18.75%         |      50.00%     |         28.12%        |       0.00%        |        0.00%        |        0.00%        |      68.75%     |
|      1       |         12.50%         |          0.00%           |  5.77%   |     33.33%     |  25.00% | 2.50% |  4.17%  | 0.00% |   9.38%    |   25.00%  |   0.00%   | 0.00% |         18.75%         |         12.50%         |      25.00%     |         1.56%         |       0.00%        |        0.00%        |        0.00%        |      37.50%     |
|      2       |         14.06%         |          0.00%           |  17.79%  |     66.67%     |  12.50% | 3.75% |  4.17%  | 0.00% |   9.38%    |   25.00%  |   0.00%   | 0.00% |         12.50%         |         18.75%         |      25.00%     |         10.94%        |       0.00%        |        0.00%        |        0.00%        |      43.75%     |
|      3       |         0.78%          |          0.00%           |  0.00%   |     0.00%      |  6.25%  | 0.00% |  0.00%  | 0.00% |   6.25%    |   0.00%   |   0.00%   | 0.00% |         6.25%          |         0.00%          |      25.00%     |         0.00%         |       0.00%        |        0.00%        |        0.00%        |      25.00%     |
|      4       |         14.06%         |          0.00%           |  23.08%  |    100.00%     |  25.00% | 0.00% |  0.00%  | 0.00% |   6.25%    |   0.00%   |   0.00%   | 0.00% |         12.50%         |         18.75%         |      12.50%     |         9.38%         |       0.00%        |        0.00%        |        0.00%        |      31.25%     |
|      5       |         3.12%          |          0.00%           |  7.69%   |     33.33%     |  6.25%  | 0.00% |  0.00%  | 0.00% |   6.25%    |   0.00%   |   0.00%   | 0.00% |         6.25%          |         6.25%          |      18.75%     |         3.12%         |       0.00%        |        0.00%        |        0.00%        |      25.00%     |
|      6       |         3.12%          |          0.00%           |  7.69%   |     33.33%     |  6.25%  | 0.00% |  0.00%  | 0.00% |   6.25%    |   0.00%   |   0.00%   | 0.00% |         6.25%          |         6.25%          |      12.50%     |         3.12%         |       0.00%        |        0.00%        |        0.00%        |      18.75%     |
|      7       |         3.12%          |          0.00%           |  7.69%   |     33.33%     |  6.25%  | 0.00% |  0.00%  | 0.00% |   6.25%    |   0.00%   |   0.00%   | 0.00% |         6.25%          |         6.25%          |      12.50%     |         3.12%         |       0.00%        |        0.00%        |        0.00%        |      18.75%     |
|      8       |         9.38%          |          0.00%           |  15.38%  |     66.67%     |  12.50% | 0.00% |  0.00%  | 0.00% |   6.25%    |   0.00%   |   0.00%   | 0.00% |         6.25%          |         12.50%         |      6.25%      |         6.25%         |       0.00%        |        0.00%        |        0.00%        |      18.75%     |
|      9       |         9.38%          |          0.00%           |  15.38%  |     66.67%     |  12.50% | 0.00% |  0.00%  | 0.00% |   6.25%    |   0.00%   |   0.00%   | 0.00% |         6.25%          |         12.50%         |      12.50%     |         6.25%         |       0.00%        |        0.00%        |        0.00%        |      25.00%     |
|      10      |         15.62%         |          4.55%           |  7.69%   |     33.33%     |  0.00%  | 2.50% |  0.00%  | 4.17% |   6.25%    |   0.00%   |   0.00%   | 0.00% |         0.00%          |         0.00%          |      18.75%     |         10.94%        |       0.00%        |        0.00%        |        0.00%        |      18.75%     |
|      11      |         33.59%         |          12.12%          |  11.78%  |     66.67%     |  6.25%  | 5.00% |  0.00%  | 8.33% |   31.25%   |   0.00%   |   0.00%   | 0.00% |         6.25%          |         6.25%          |      12.50%     |         14.84%        |       0.00%        |        0.00%        |        0.00%        |      18.75%     |
|      12      |         1.56%          |          0.00%           |  0.00%   |     0.00%      |  6.25%  | 0.00% |  0.00%  | 0.00% |   3.12%    |   0.00%   |   0.00%   | 0.00% |         6.25%          |         6.25%          |      6.25%      |         0.78%         |       0.00%        |        0.00%        |        0.00%        |      6.25%      |
|      13      |         0.00%          |          0.00%           |  0.00%   |     0.00%      |  0.00%  | 0.00% |  0.00%  | 0.00% |   0.00%    |   0.00%   |   0.00%   | 0.00% |         0.00%          |         0.00%          |      0.00%      |         0.00%         |       0.00%        |        0.00%        |        0.00%        |      0.00%      |
|      14      |         0.00%          |          0.00%           |  0.00%   |     0.00%      |  0.00%  | 0.00% |  0.00%  | 0.00% |   0.00%    |   0.00%   |   0.00%   | 0.00% |         0.00%          |         0.00%          |      0.00%      |         0.00%         |       0.00%        |        0.00%        |        0.00%        |      0.00%      |
|      15      |         0.00%          |          0.00%           |  0.00%   |     0.00%      |  0.00%  | 0.00% |  0.00%  | 0.00% |   0.00%    |   0.00%   |   0.00%   | 0.00% |         0.00%          |         0.00%          |      0.00%      |         0.00%         |       0.00%        |        0.00%        |        0.00%        |      0.00%      |
|      16      |         0.00%          |          0.00%           |  0.00%   |     0.00%      |  0.00%  | 0.00% |  0.00%  | 0.00% |   0.00%    |   0.00%   |   0.00%   | 0.00% |         0.00%          |         0.00%          |      0.00%      |         0.00%         |       0.00%        |        0.00%        |        0.00%        |      0.00%      |
|      17      |         0.00%          |          0.00%           |  0.00%   |     0.00%      |  0.00%  | 0.00% |  0.00%  | 0.00% |   0.00%    |   0.00%   |   0.00%   | 0.00% |         0.00%          |         0.00%          |      0.00%      |         0.00%         |       0.00%        |        0.00%        |        0.00%        |      0.00%      |
|      18      |         0.00%          |          0.00%           |  0.00%   |     0.00%      |  0.00%  | 0.00% |  0.00%  | 0.00% |   0.00%    |   0.00%   |   0.00%   | 0.00% |         0.00%          |         0.00%          |      0.00%      |         0.00%         |       0.00%        |        0.00%        |        0.00%        |      0.00%      |
|      19      |         0.00%          |          0.00%           |  0.00%   |     0.00%      |  0.00%  | 0.00% |  0.00%  | 0.00% |   0.00%    |   0.00%   |   0.00%   | 0.00% |         0.00%          |         0.00%          |      0.00%      |         0.00%         |       0.00%        |        0.00%        |        0.00%        |      0.00%      |
|              |                        |                          |          |                |         |       |         |       |            |           |           |       |                        |                        |                 |                       |                    |                     |                     |                 |
|   Average    |         11.54%         |          1.63%           |  10.26%  |     46.15%     |  13.94% | 1.54% |  0.96%  | 1.28% |   8.89%    |   5.77%   |   0.00%   | 0.00% |         11.06%         |         9.62%          |      18.27%     |         7.57%         |       0.00%        |        0.00%        |        0.00%        |      27.40%     |
-----------------------------------------------------------------------------------------------------------------------------------------------------------------------------------------------------------------------------------------------------------------------------------------------------------------------------------------------------------------


Allocated Resource Usage
--------------------------------------------------------------------------------------------------------------------------------------------------------------------------
|                             Table                             | Stage  | Crossbar | Hash | Gateways | RAMs | TCAMs | Map  | Action |  VLIW |  Exm   |  Exm   |  Tind  |
|                              Name                             | Number |  Bytes   | Bits |          |      |       | RAMs |  Data  | Slots | Search | Result | Result |
|                                                               |        |          |      |          |      |       |      |  Bus   |       |  Bus   |  Bus   |  Bus   |
|                                                               |        |          |      |          |      |       |      | Bytes  |       |        |        |        |
--------------------------------------------------------------------------------------------------------------------------------------------------------------------------
|               SwitchIngressParser.$PORT_METADATA              |   -1   |    0     |  0   |    0     |  0   |   0   |  0   |   0    |   0   |   0    |   0    |   0    |
|                   SwitchIngress.reg_bloom_2                   |   0    |    0     |  0   |    0     |  2   |   0   |  2   |   0    |   0   |   0    |   0    |   0    |
|                SwitchIngress.tb_maybe_sip_init                |   0    |    3     |  0   |    0     |  1   |   1   |  0   |   18   |   5   |   0    |   0    |   1    |
|             SwitchIngress.tb_maybe_sip_init$action            |   0    |    0     |  0   |    0     |  1   |   0   |  0   |   0    |   0   |   0    |   0    |   0    |
|                            cond-13                            |   0    |    4     |  0   |    1     |  0   |   0   |  0   |   0    |   0   |   1    |   0    |   1    |
|                            cond-16                            |   0    |    4     |  0   |    1     |  0   |   0   |  0   |   0    |   0   |   1    |   0    |   0    |
|                            cond-18                            |   0    |    1     |  0   |    1     |  0   |   0   |  0   |   0    |   0   |   1    |   0    |   0    |
|                            cond-19                            |   0    |    2     |  0   |    1     |  0   |   0   |  0   |   0    |   0   |   1    |   0    |   0    |
|                            cond-20                            |   0    |    2     |  0   |    1     |  0   |   0   |  0   |   0    |   0   |   1    |   0    |   0    |
|                            cond-21                            |   0    |    1     |  0   |    1     |  0   |   0   |  0   |   0    |   0   |   1    |   0    |   0    |
|                            cond-22                            |   0    |    1     |  0   |    1     |  0   |   0   |  0   |   0    |   0   |   1    |   0    |   0    |
|                       tbl_get_bloom_2_a                       |   0    |    12    |  12  |    0     |  0   |   0   |  0   |   2    |   1   |   0    |   1    |   0    |
|                       tbl_set_bloom_2_a                       |   0    |    12    |  12  |    0     |  0   |   0   |  0   |   2    |   1   |   0    |   1    |   0    |
|                   tbl_set_bloom_2_a-gateway                   |   0    |    0     |  0   |    1     |  0   |   0   |  0   |   0    |   0   |   1    |   0    |   0    |
|                      tbl_smartcookie1086                      |   0    |    0     |  0   |    0     |  0   |   0   |  0   |   0    |   1   |   0    |   0    |   1    |
|                      tbl_smartcookie1089                      |   0    |    0     |  0   |    0     |  0   |   0   |  0   |   0    |   1   |   0    |   0    |   1    |
|                      tbl_smartcookie1092                      |   0    |    0     |  0   |    0     |  0   |   0   |  0   |   0    |   1   |   0    |   0    |   1    |
|                      tbl_smartcookie1095                      |   0    |    0     |  0   |    0     |  0   |   0   |  0   |   0    |   1   |   0    |   0    |   1    |
|                      tbl_smartcookie1118                      |   0    |    0     |  0   |    0     |  0   |   0   |  0   |   4    |   1   |   0    |   0    |   1    |
|                      tbl_smartcookie1133                      |   0    |    0     |  0   |    0     |  0   |   0   |  0   |   8    |   1   |   0    |   0    |   1    |
|                   tbl_smartcookie1133$action                  |   0    |    0     |  0   |    0     |  1   |   0   |  0   |   0    |   0   |   0    |   0    |   0    |
|                       tbl_smartcookie856                      |   0    |    0     |  0   |    0     |  0   |   0   |  0   |   0    |   1   |   0    |   0    |   1    |
|                      tbl_timedelta_step0                      |   0    |    8     |  32  |    0     |  0   |   0   |  0   |   4    |   1   |   0    |   1    |   0    |
|                  tbl_timedelta_step0-gateway                  |   0    |    0     |  0   |    1     |  0   |   0   |  0   |   0    |   0   |   1    |   0    |   0    |
|                   SwitchIngress.reg_bloom_1                   |   1    |    0     |  0   |    0     |  2   |   0   |  2   |   0    |   0   |   0    |   0    |   0    |
|                            cond-12                            |   1    |    3     |  0   |    1     |  0   |   0   |  0   |   0    |   0   |   1    |   0    |   0    |
|                            cond-17                            |   1    |    1     |  0   |    1     |  0   |   0   |  0   |   0    |   0   |   1    |   0    |   0    |
|                       tbl_get_bloom_1_a                       |   1    |    12    |  12  |    0     |  0   |   0   |  0   |   2    |   1   |   0    |   1    |   0    |
|                   tbl_get_bloom_1_a-gateway                   |   1    |    0     |  0   |    1     |  0   |   0   |  0   |   0    |   0   |   1    |   0    |   0    |
|                       tbl_set_bloom_1_a                       |   1    |    12    |  12  |    0     |  0   |   0   |  0   |   2    |   1   |   0    |   1    |   0    |
|                   tbl_set_bloom_1_a-gateway                   |   1    |    0     |  0   |    1     |  0   |   0   |  0   |   0    |   0   |   1    |   0    |   0    |
|                         tbl_sip_1_odd                         |   1    |    0     |  0   |    0     |  0   |   0   |  0   |   0    |   1   |   0    |   0    |   1    |
|                        tbl_sip_1_odd_0                        |   1    |    0     |  0   |    0     |  0   |   0   |  0   |   0    |   1   |   0    |   0    |   1    |
|                       tbl_smartcookie882                      |   1    |    0     |  0   |    0     |  0   |   0   |  0   |   0    |   1   |   0    |   0    |   1    |
|                   tbl_timedelta_step1_write                   |   1    |    0     |  0   |    0     |  0   |   0   |  0   |   0    |   1   |   0    |   0    |   1    |
|                  SwitchIngress.reg_timedelta                  |   2    |    4     |  0   |    0     |  2   |   0   |  2   |   0    |   0   |   0    |   0    |   0    |
|                SwitchIngress.select_recirc_port               |   2    |    2     |  10  |    0     |  1   |   0   |  0   |   2    |   2   |   1    |   1    |   0    |
|                          tbl_sip_1_a                          |   2    |    8     |  32  |    0     |  0   |   0   |  0   |   4    |   1   |   0    |   1    |   0    |
|                      tbl_sip_1_a-gateway                      |   2    |    0     |  0   |    1     |  0   |   0   |  0   |   0    |   0   |   1    |   0    |   0    |
|                         tbl_sip_1_a_1                         |   2    |    8     |  32  |    0     |  0   |   0   |  0   |   4    |   1   |   0    |   1    |   0    |
|                     tbl_sip_1_a_1-gateway                     |   2    |    0     |  0   |    1     |  0   |   0   |  0   |   0    |   0   |   1    |   0    |   0    |
|                          tbl_sip_1_b                          |   2    |    0     |  0   |    0     |  0   |   0   |  0   |   0    |   1   |   0    |   0    |   1    |
|                         tbl_sip_1_b_1                         |   2    |    0     |  0   |    0     |  0   |   0   |  0   |   0    |   1   |   0    |   0    |   1    |
|                    tbl_timedelta_step1_read                   |   2    |    0     |  0   |    0     |  0   |   0   |  0   |   4    |   1   |   0    |   0    |   1    |
|                   tbl_timedelta_step2_write                   |   2    |    0     |  0   |    0     |  0   |   0   |  0   |   4    |   1   |   0    |   0    |   1    |
|                            cond-14                            |   3    |    1     |  0   |    1     |  0   |   0   |  0   |   0    |   0   |   1    |   0    |   0    |
|                          tbl_sip_2_a                          |   3    |    0     |  0   |    0     |  0   |   0   |  0   |   0    |   1   |   0    |   0    |   1    |
|                         tbl_sip_2_a_1                         |   3    |    0     |  0   |    0     |  0   |   0   |  0   |   0    |   1   |   0    |   0    |   1    |
|                       tbl_smartcookie840                      |   3    |    0     |  0   |    0     |  0   |   0   |  0   |   0    |   1   |   0    |   0    |   1    |
|                    tbl_timedelta_step2_read                   |   3    |    0     |  0   |    0     |  0   |   0   |  0   |   0    |   1   |   0    |   0    |   1    |
|                            cond-15                            |   4    |    2     |  0   |    1     |  0   |   0   |  0   |   0    |   0   |   1    |   0    |   0    |
|                          tbl_sip_3_a                          |   4    |    8     |  32  |    0     |  0   |   0   |  0   |   4    |   1   |   0    |   1    |   0    |
|                      tbl_sip_3_a-gateway                      |   4    |    0     |  0   |    1     |  0   |   0   |  0   |   0    |   0   |   1    |   0    |   0    |
|                         tbl_sip_3_a_1                         |   4    |    8     |  32  |    0     |  0   |   0   |  0   |   4    |   1   |   0    |   1    |   0    |
|                     tbl_sip_3_a_1-gateway                     |   4    |    0     |  0   |    1     |  0   |   0   |  0   |   0    |   0   |   1    |   0    |   0    |
|                         tbl_sip_3_b_1                         |   4    |    8     |  32  |    0     |  0   |   0   |  0   |   4    |   1   |   0    |   1    |   0    |
|                     tbl_sip_3_b_1-gateway                     |   4    |    0     |  0   |    1     |  0   |   0   |  0   |   0    |   0   |   1    |   0    |   0    |
|                       tbl_smartcookie848                      |   4    |    0     |  0   |    0     |  0   |   0   |  0   |   0    |   1   |   0    |   0    |   1    |
|                    tbl_timedelta_step3_read                   |   4    |    0     |  0   |    0     |  0   |   0   |  0   |   0    |   1   |   0    |   0    |   1    |
|                          tbl_sip_3_b                          |   5    |    8     |  32  |    0     |  0   |   0   |  0   |   4    |   1   |   0    |   1    |   0    |
|                      tbl_sip_3_b-gateway                      |   5    |    0     |  0   |    1     |  0   |   0   |  0   |   0    |   0   |   1    |   0    |   0    |
|                         tbl_sip_4_a_1                         |   5    |    0     |  0   |    0     |  0   |   0   |  0   |   0    |   1   |   0    |   0    |   1    |
|                        tbl_sip_4_b_odd                        |   5    |    0     |  0   |    0     |  0   |   0   |  0   |   0    |   1   |   0    |   0    |   1    |
|                       tbl_sip_4_b_odd_0                       |   5    |    0     |  0   |    0     |  0   |   0   |  0   |   0    |   1   |   0    |   0    |   1    |
|                         tbl_sip_1_a_2                         |   6    |    8     |  32  |    0     |  0   |   0   |  0   |   4    |   1   |   0    |   1    |   0    |
|                     tbl_sip_1_a_2-gateway                     |   6    |    0     |  0   |    1     |  0   |   0   |  0   |   0    |   0   |   1    |   0    |   0    |
|                         tbl_sip_1_b_2                         |   6    |    0     |  0   |    0     |  0   |   0   |  0   |   0    |   1   |   0    |   0    |   1    |
|                          tbl_sip_4_a                          |   6    |    0     |  0   |    0     |  0   |   0   |  0   |   0    |   1   |   0    |   0    |   1    |
|                         tbl_sip_1_a_0                         |   7    |    8     |  32  |    0     |  0   |   0   |  0   |   4    |   1   |   0    |   1    |   0    |
|                     tbl_sip_1_a_0-gateway                     |   7    |    0     |  0   |    1     |  0   |   0   |  0   |   0    |   0   |   1    |   0    |   0    |
|                         tbl_sip_1_b_0                         |   7    |    0     |  0   |    0     |  0   |   0   |  0   |   0    |   1   |   0    |   0    |   1    |
|                         tbl_sip_2_a_2                         |   7    |    0     |  0   |    0     |  0   |   0   |  0   |   0    |   1   |   0    |   0    |   1    |
|                         tbl_sip_2_a_0                         |   8    |    0     |  0   |    0     |  0   |   0   |  0   |   0    |   1   |   0    |   0    |   1    |
|                         tbl_sip_3_a_2                         |   8    |    8     |  32  |    0     |  0   |   0   |  0   |   4    |   1   |   0    |   1    |   0    |
|                     tbl_sip_3_a_2-gateway                     |   8    |    0     |  0   |    1     |  0   |   0   |  0   |   0    |   0   |   1    |   0    |   0    |
|                         tbl_sip_3_b_2                         |   8    |    8     |  32  |    0     |  0   |   0   |  0   |   4    |   1   |   0    |   1    |   0    |
|                     tbl_sip_3_b_2-gateway                     |   8    |    0     |  0   |    1     |  0   |   0   |  0   |   0    |   0   |   1    |   0    |   0    |
|                         tbl_sip_3_a_0                         |   9    |    8     |  32  |    0     |  0   |   0   |  0   |   4    |   1   |   0    |   1    |   0    |
|                     tbl_sip_3_a_0-gateway                     |   9    |    0     |  0   |    1     |  0   |   0   |  0   |   0    |   0   |   1    |   0    |   0    |
|                         tbl_sip_3_b_0                         |   9    |    8     |  32  |    0     |  0   |   0   |  0   |   4    |   1   |   0    |   1    |   0    |
|                     tbl_sip_3_b_0-gateway                     |   9    |    0     |  0   |    1     |  0   |   0   |  0   |   0    |   0   |   1    |   0    |   0    |
|                         tbl_sip_4_a_2                         |   9    |    0     |  0   |    0     |  0   |   0   |  0   |   0    |   1   |   0    |   0    |   1    |
|                       tbl_sip_4_b_even_0                      |   9    |    0     |  0   |    0     |  0   |   0   |  0   |   0    |   1   |   0    |   0    |   1    |
|              SwitchEgress.tb_decide_output_type_1             |   10   |    43    |  32  |    0     |  1   |   1   |  0   |   14   |   4   |   0    |   0    |   1    |
|          SwitchEgress.tb_decide_output_type_1$action          |   10   |    0     |  0   |    0     |  1   |   0   |  0   |   0    |   0   |   0    |   0    |   0    |
|                     tb_decide_output_type                     |   10   |    0     |  0   |    0     |  0   |   0   |  0   |   0    |   0   |   0    |   0    |   0    |
|                         tbl_sip_4_a_0                         |   10   |    0     |  0   |    0     |  0   |   0   |  0   |   0    |   1   |   0    |   0    |   1    |
|                        tbl_sip_4_b_even                       |   10   |    0     |  0   |    0     |  0   |   0   |  0   |   0    |   1   |   0    |   0    |   1    |
|              SwitchEgress.tb_decide_output_type_2             |   11   |    43    |  32  |    0     |  1   |   1   |  0   |   6    |   3   |   0    |   0    |   1    |
|          SwitchEgress.tb_decide_output_type_2$action          |   11   |    0     |  0   |    0     |  1   |   0   |  0   |   0    |   0   |   0    |   0    |   0    |
|           SwitchIngress.tb_triage_pkt_types_nextstep          |   11   |    7     |  17  |    0     |  1   |   1   |  0   |   12   |   10  |   0    |   0    |   1    |
|       SwitchIngress.tb_triage_pkt_types_nextstep$action       |   11   |    0     |  0   |    0     |  1   |   0   |  0   |   0    |   0   |   0    |   0    |   0    |
|    egresshdr.tcp.checksum_encode_update_condition_3-gateway   |   11   |    2     |  0   |    1     |  0   |   0   |  0   |   0    |   0   |   1    |   0    |   1    |
|    egresshdr.tcp.checksum_encode_update_condition_3_egress    |   11   |    0     |  0   |    0     |  0   |   0   |  0   |   1    |   2   |   0    |   1    |   0    |
|                    tb_decide_output_type_0                    |   11   |    0     |  0   |    0     |  0   |   0   |  0   |   0    |   0   |   0    |   0    |   0    |
|                 tb_triage_pkt_types_nextstep_0                |   11   |    0     |  0   |    0     |  0   |   0   |  0   |   0    |   0   |   0    |   0    |   0    |
| egresshdr.ipv4.hdr_checksum_encode_update_condition_2-gateway |   12   |    2     |  0   |    1     |  0   |   0   |  0   |   0    |   0   |   1    |   0    |   1    |
|  egresshdr.ipv4.hdr_checksum_encode_update_condition_2_egress |   12   |    0     |  0   |    0     |  0   |   0   |  0   |   1    |   2   |   0    |   1    |   0    |
--------------------------------------------------------------------------------------------------------------------------------------------------------------------------

