+---------------------------------------------------------------------+
|  Log file: mau.resources.log                                        |
|  Compiler version: 9.13.4                                           |
|  Created on: Wed Sep 30 10:44:40 2026                               |
|  Run ID: b60edc0a73d34973                                           |
+---------------------------------------------------------------------+


---------------------------------------------------------------------------------------------------------------------------------------------------------------------------------------------------------------------------------------------------------------------------------------------------------------------------------------------------------------
| Stage Number | Exact Match Input xbar | Ternary Match Input xbar | Hash Bit | Hash Dist Unit | Gateway | SRAM | Map RAM | TCAM | VLIW Instr | Meter ALU | Stats ALU | Stash | Exact Match Search Bus | Exact Match Result Bus | Tind Result Bus | Action Data Bus Bytes | 8-bit Action Slots | 16-bit Action Slots | 32-bit Action Slots | Logical TableID |
---------------------------------------------------------------------------------------------------------------------------------------------------------------------------------------------------------------------------------------------------------------------------------------------------------------------------------------------------------------
|      0       |           10           |            0             |    40    |       0        |    8    |  4   |    0    |  0   |     4      |     0     |     0     |   0   |           8            |           1            |        4        |           8           |         0          |          0          |          0          |        11       |
|      1       |           17           |            0             |    56    |       1        |    2    |  4   |    0    |  0   |     2      |     0     |     0     |   0   |           2            |           2            |        0        |           8           |         0          |          0          |          0          |        2        |
|      2       |           20           |            0             |    88    |       0        |    1    |  58  |    36   |  0   |     3      |     0     |     0     |   0   |           3            |           2            |        2        |           4           |         0          |          0          |          0          |        4        |
|      3       |           12           |            0             |    16    |       1        |    1    |  0   |    0    |  0   |     2      |     0     |     0     |   0   |           1            |           1            |        1        |           2           |         0          |          0          |          0          |        2        |
|      4       |           8            |            0             |    32    |       2        |    2    |  17  |    17   |  0   |     2      |     1     |     0     |   0   |           1            |           2            |        0        |           1           |         0          |          0          |          0          |        2        |
|      5       |           19           |            0             |    32    |       2        |    3    |  34  |    34   |  0   |     2      |     2     |     0     |   0   |           3            |           3            |        2        |           2           |         0          |          0          |          0          |        3        |
|      6       |           8            |            0             |    32    |       2        |    2    |  17  |    17   |  0   |     1      |     1     |     0     |   0   |           1            |           2            |        0        |           1           |         0          |          0          |          0          |        2        |
|      7       |           8            |            0             |    32    |       2        |    2    |  17  |    17   |  0   |     2      |     1     |     0     |   0   |           1            |           2            |        0        |           1           |         0          |          0          |          0          |        2        |
|      8       |           10           |            0             |    40    |       0        |    3    |  4   |    0    |  0   |     4      |     0     |     0     |   0   |           3            |           1            |        5        |           8           |         0          |          0          |          0          |        6        |
|      9       |           5            |            0             |    40    |       0        |    1    |  4   |    0    |  0   |     3      |     0     |     0     |   0   |           1            |           1            |        3        |           4           |         0          |          0          |          0          |        4        |
|      10      |           16           |            0             |    40    |       4        |    4    |  0   |    0    |  0   |     3      |     0     |     0     |   0   |           2            |           4            |        1        |           10          |         0          |          0          |          0          |        5        |
|      11      |           8            |            0             |    40    |       4        |    4    |  8   |    8    |  0   |     3      |     4     |     0     |   0   |           2            |           4            |        0        |           16          |         0          |          0          |          0          |        4        |
|      12      |           0            |            0             |    0     |       0        |    0    |  0   |    0    |  0   |     1      |     0     |     0     |   0   |           0            |           0            |        1        |           0           |         0          |          0          |          0          |        1        |
|      13      |           0            |            0             |    0     |       0        |    0    |  0   |    0    |  0   |     1      |     0     |     0     |   0   |           0            |           0            |        1        |           0           |         0          |          0          |          0          |        1        |
|      14      |           0            |            0             |    0     |       0        |    0    |  0   |    0    |  0   |     1      |     0     |     0     |   0   |           0            |           0            |        1        |           0           |         0          |          0          |          0          |        1        |
|      15      |           2            |            0             |    0     |       0        |    1    |  0   |    0    |  0   |     3      |     0     |     0     |   0   |           1            |           0            |        4        |           0           |         0          |          0          |          0          |        4        |
|      16      |           0            |            7             |    0     |       0        |    0    |  2   |    0    |  2   |     4      |     0     |     0     |   0   |           0            |           0            |        1        |           8           |         0          |          0          |          0          |        1        |
|      17      |           1            |            0             |    0     |       0        |    2    |  0   |    0    |  0   |     2      |     0     |     0     |   0   |           2            |           0            |        2        |           0           |         0          |          0          |          0          |        2        |
|      18      |           0            |            0             |    0     |       0        |    0    |  0   |    0    |  0   |     0      |     0     |     0     |   0   |           0            |           0            |        0        |           0           |         0          |          0          |          0          |        0        |
|      19      |           0            |            0             |    0     |       0        |    0    |  0   |    0    |  0   |     0      |     0     |     0     |   0   |           0            |           0            |        0        |           0           |         0          |          0          |          0          |        0        |
|              |                        |                          |          |                |         |      |         |      |            |           |           |       |                        |                        |                 |                       |                    |                     |                     |                 |
|    Totals    |          144           |            7             |   488    |       18       |    36   | 169  |   129   |  2   |     43     |     9     |     0     |   0   |           31           |           25           |        28       |           73          |         0          |          0          |          0          |        57       |
---------------------------------------------------------------------------------------------------------------------------------------------------------------------------------------------------------------------------------------------------------------------------------------------------------------------------------------------------------------


------------------------------------------------------------------------------------------------------------------------------------------------------------------------------------------------------------------------------------------------------------------------------------------------------------------------------------------------------------------
| Stage Number | Exact Match Input xbar | Ternary Match Input xbar | Hash Bit | Hash Dist Unit | Gateway |  SRAM  | Map RAM |  TCAM | VLIW Instr | Meter ALU | Stats ALU | Stash | Exact Match Search Bus | Exact Match Result Bus | Tind Result Bus | Action Data Bus Bytes | 8-bit Action Slots | 16-bit Action Slots | 32-bit Action Slots | Logical TableID |
------------------------------------------------------------------------------------------------------------------------------------------------------------------------------------------------------------------------------------------------------------------------------------------------------------------------------------------------------------------
|      0       |         7.81%          |          0.00%           |  9.62%   |     0.00%      |  50.00% | 5.00%  |  0.00%  | 0.00% |   12.50%   |   0.00%   |   0.00%   | 0.00% |         50.00%         |         6.25%          |      25.00%     |         6.25%         |       0.00%        |        0.00%        |        0.00%        |      68.75%     |
|      1       |         13.28%         |          0.00%           |  13.46%  |     16.67%     |  12.50% | 5.00%  |  0.00%  | 0.00% |   6.25%    |   0.00%   |   0.00%   | 0.00% |         12.50%         |         12.50%         |      0.00%      |         6.25%         |       0.00%        |        0.00%        |        0.00%        |      12.50%     |
|      2       |         15.62%         |          0.00%           |  21.15%  |     0.00%      |  6.25%  | 72.50% |  75.00% | 0.00% |   9.38%    |   0.00%   |   0.00%   | 0.00% |         18.75%         |         12.50%         |      12.50%     |         3.12%         |       0.00%        |        0.00%        |        0.00%        |      25.00%     |
|      3       |         9.38%          |          0.00%           |  3.85%   |     16.67%     |  6.25%  | 0.00%  |  0.00%  | 0.00% |   6.25%    |   0.00%   |   0.00%   | 0.00% |         6.25%          |         6.25%          |      6.25%      |         1.56%         |       0.00%        |        0.00%        |        0.00%        |      12.50%     |
|      4       |         6.25%          |          0.00%           |  7.69%   |     33.33%     |  12.50% | 21.25% |  35.42% | 0.00% |   6.25%    |   25.00%  |   0.00%   | 0.00% |         6.25%          |         12.50%         |      0.00%      |         0.78%         |       0.00%        |        0.00%        |        0.00%        |      12.50%     |
|      5       |         14.84%         |          0.00%           |  7.69%   |     33.33%     |  18.75% | 42.50% |  70.83% | 0.00% |   6.25%    |   50.00%  |   0.00%   | 0.00% |         18.75%         |         18.75%         |      12.50%     |         1.56%         |       0.00%        |        0.00%        |        0.00%        |      18.75%     |
|      6       |         6.25%          |          0.00%           |  7.69%   |     33.33%     |  12.50% | 21.25% |  35.42% | 0.00% |   3.12%    |   25.00%  |   0.00%   | 0.00% |         6.25%          |         12.50%         |      0.00%      |         0.78%         |       0.00%        |        0.00%        |        0.00%        |      12.50%     |
|      7       |         6.25%          |          0.00%           |  7.69%   |     33.33%     |  12.50% | 21.25% |  35.42% | 0.00% |   6.25%    |   25.00%  |   0.00%   | 0.00% |         6.25%          |         12.50%         |      0.00%      |         0.78%         |       0.00%        |        0.00%        |        0.00%        |      12.50%     |
|      8       |         7.81%          |          0.00%           |  9.62%   |     0.00%      |  18.75% | 5.00%  |  0.00%  | 0.00% |   12.50%   |   0.00%   |   0.00%   | 0.00% |         18.75%         |         6.25%          |      31.25%     |         6.25%         |       0.00%        |        0.00%        |        0.00%        |      37.50%     |
|      9       |         3.91%          |          0.00%           |  9.62%   |     0.00%      |  6.25%  | 5.00%  |  0.00%  | 0.00% |   9.38%    |   0.00%   |   0.00%   | 0.00% |         6.25%          |         6.25%          |      18.75%     |         3.12%         |       0.00%        |        0.00%        |        0.00%        |      25.00%     |
|      10      |         12.50%         |          0.00%           |  9.62%   |     66.67%     |  25.00% | 0.00%  |  0.00%  | 0.00% |   9.38%    |   0.00%   |   0.00%   | 0.00% |         12.50%         |         25.00%         |      6.25%      |         7.81%         |       0.00%        |        0.00%        |        0.00%        |      31.25%     |
|      11      |         6.25%          |          0.00%           |  9.62%   |     66.67%     |  25.00% | 10.00% |  16.67% | 0.00% |   9.38%    |  100.00%  |   0.00%   | 0.00% |         12.50%         |         25.00%         |      0.00%      |         12.50%        |       0.00%        |        0.00%        |        0.00%        |      25.00%     |
|      12      |         0.00%          |          0.00%           |  0.00%   |     0.00%      |  0.00%  | 0.00%  |  0.00%  | 0.00% |   3.12%    |   0.00%   |   0.00%   | 0.00% |         0.00%          |         0.00%          |      6.25%      |         0.00%         |       0.00%        |        0.00%        |        0.00%        |      6.25%      |
|      13      |         0.00%          |          0.00%           |  0.00%   |     0.00%      |  0.00%  | 0.00%  |  0.00%  | 0.00% |   3.12%    |   0.00%   |   0.00%   | 0.00% |         0.00%          |         0.00%          |      6.25%      |         0.00%         |       0.00%        |        0.00%        |        0.00%        |      6.25%      |
|      14      |         0.00%          |          0.00%           |  0.00%   |     0.00%      |  0.00%  | 0.00%  |  0.00%  | 0.00% |   3.12%    |   0.00%   |   0.00%   | 0.00% |         0.00%          |         0.00%          |      6.25%      |         0.00%         |       0.00%        |        0.00%        |        0.00%        |      6.25%      |
|      15      |         1.56%          |          0.00%           |  0.00%   |     0.00%      |  6.25%  | 0.00%  |  0.00%  | 0.00% |   9.38%    |   0.00%   |   0.00%   | 0.00% |         6.25%          |         0.00%          |      25.00%     |         0.00%         |       0.00%        |        0.00%        |        0.00%        |      25.00%     |
|      16      |         0.00%          |          10.61%          |  0.00%   |     0.00%      |  0.00%  | 2.50%  |  0.00%  | 8.33% |   12.50%   |   0.00%   |   0.00%   | 0.00% |         0.00%          |         0.00%          |      6.25%      |         6.25%         |       0.00%        |        0.00%        |        0.00%        |      6.25%      |
|      17      |         0.78%          |          0.00%           |  0.00%   |     0.00%      |  12.50% | 0.00%  |  0.00%  | 0.00% |   6.25%    |   0.00%   |   0.00%   | 0.00% |         12.50%         |         0.00%          |      12.50%     |         0.00%         |       0.00%        |        0.00%        |        0.00%        |      12.50%     |
|      18      |         0.00%          |          0.00%           |  0.00%   |     0.00%      |  0.00%  | 0.00%  |  0.00%  | 0.00% |   0.00%    |   0.00%   |   0.00%   | 0.00% |         0.00%          |         0.00%          |      0.00%      |         0.00%         |       0.00%        |        0.00%        |        0.00%        |      0.00%      |
|      19      |         0.00%          |          0.00%           |  0.00%   |     0.00%      |  0.00%  | 0.00%  |  0.00%  | 0.00% |   0.00%    |   0.00%   |   0.00%   | 0.00% |         0.00%          |         0.00%          |      0.00%      |         0.00%         |       0.00%        |        0.00%        |        0.00%        |      0.00%      |
|              |                        |                          |          |                |         |        |         |       |            |           |           |       |                        |                        |                 |                       |                    |                     |                     |                 |
|   Average    |         6.25%          |          0.59%           |  6.52%   |     16.67%     |  12.50% | 11.74% |  14.93% | 0.46% |   7.47%    |   12.50%  |   0.00%   | 0.00% |         10.76%         |         8.68%          |      9.72%      |         3.17%         |       0.00%        |        0.00%        |        0.00%        |      19.79%     |
------------------------------------------------------------------------------------------------------------------------------------------------------------------------------------------------------------------------------------------------------------------------------------------------------------------------------------------------------------------


Allocated Resource Usage
------------------------------------------------------------------------------------------------------------------------------------------------------------------
|                         Table                         | Stage  | Crossbar | Hash | Gateways | RAMs | TCAMs | Map  | Action |  VLIW |  Exm   |  Exm   |  Tind  |
|                          Name                         | Number |  Bytes   | Bits |          |      |       | RAMs |  Data  | Slots | Search | Result | Result |
|                                                       |        |          |      |          |      |       |      |  Bus   |       |  Bus   |  Bus   |  Bus   |
|                                                       |        |          |      |          |      |       |      | Bytes  |       |        |        |        |
------------------------------------------------------------------------------------------------------------------------------------------------------------------
|              IngressParser.$PORT_METADATA             |   -1   |    0     |  0   |    0     |  0   |   0   |  0   |   0    |   0   |   0    |   0    |   0    |
|             Ingress.ingress_port_to_nf_dev            |   0    |    2     |  40  |    0     |  4   |   0   |  0   |   4    |   4   |   1    |   1    |   0    |
|                        cond-20                        |   0    |    1     |  0   |    1     |  0   |   0   |  0   |   0    |   0   |   1    |   0    |   0    |
|                        cond-21                        |   0    |    2     |  0   |    1     |  0   |   0   |  0   |   0    |   0   |   1    |   0    |   0    |
|                        cond-22                        |   0    |    2     |  0   |    1     |  0   |   0   |  0   |   0    |   0   |   1    |   0    |   0    |
|                        cond-23                        |   0    |    2     |  0   |    1     |  0   |   0   |  0   |   0    |   0   |   1    |   0    |   0    |
|                        cond-27                        |   0    |    1     |  0   |    1     |  0   |   0   |  0   |   0    |   0   |   1    |   0    |   0    |
|                        cond-28                        |   0    |    1     |  0   |    1     |  0   |   0   |  0   |   0    |   0   |   1    |   0    |   0    |
|                        cond-29                        |   0    |    1     |  0   |    1     |  0   |   0   |  0   |   0    |   0   |   1    |   0    |   0    |
|                        cond-30                        |   0    |    1     |  0   |    1     |  0   |   0   |  0   |   0    |   0   |   1    |   0    |   0    |
|          tbl_clf40000c1000000unifhmaxtput324          |   0    |    0     |  0   |    0     |  0   |   0   |  0   |   4    |   1   |   0    |   0    |   1    |
|          tbl_clf40000c1000000unifhmaxtput771          |   0    |    0     |  0   |    0     |  0   |   0   |  0   |   0    |   1   |   0    |   0    |   1    |
|          tbl_clf40000c1000000unifhmaxtput776          |   0    |    0     |  0   |    0     |  0   |   0   |  0   |   0    |   1   |   0    |   0    |   1    |
|          tbl_clf40000c1000000unifhmaxtput965          |   0    |    0     |  0   |    0     |  0   |   0   |  0   |   0    |   1   |   0    |   0    |   1    |
|          Ingress.vector_table_1074092960_141          |   1    |    4     |  40  |    0     |  4   |   0   |  0   |   4    |   2   |   1    |   1    |   0    |
|                        cond-31                        |   1    |    1     |  0   |    1     |  0   |   0   |  0   |   0    |   0   |   1    |   0    |   0    |
|          tbl_fcfs_cs_1074047984_hash_149_calc         |   1    |    12    |  16  |    0     |  0   |   0   |  0   |   4    |   1   |   0    |   1    |   0    |
|      tbl_fcfs_cs_1074047984_hash_149_calc-gateway     |   1    |    0     |  0   |    1     |  0   |   0   |  0   |   0    |   0   |   1    |   0    |   0    |
|          Ingress.fcfs_cs_1074047984_table_144         |   2    |    12    |  48  |    0     |  54  |   0   |  36  |   0    |   1   |   1    |   1    |   0    |
|          Ingress.vector_table_1074110176_177          |   2    |    4     |  40  |    0     |  4   |   0   |  0   |   4    |   2   |   1    |   1    |   0    |
|                        cond-32                        |   2    |    4     |  0   |    1     |  0   |   0   |  0   |   0    |   0   |   1    |   0    |   0    |
|                        tbl_act                        |   2    |    0     |  0   |    0     |  0   |   0   |  0   |   0    |   1   |   0    |   0    |   1    |
|          tbl_clf40000c1000000unifhmaxtput860          |   2    |    0     |  0   |    0     |  0   |   0   |  0   |   0    |   1   |   0    |   0    |   1    |
|          tbl_clf40000c1000000unifhmaxtput937          |   3    |    0     |  0   |    0     |  0   |   0   |  0   |   0    |   1   |   0    |   0    |   1    |
|          tbl_fcfs_cs_1074047984_hash_144_calc         |   3    |    12    |  16  |    0     |  0   |   0   |  0   |   2    |   1   |   0    |   1    |   0    |
|      tbl_fcfs_cs_1074047984_hash_144_calc-gateway     |   3    |    0     |  0   |    1     |  0   |   0   |  0   |   0    |   0   |   1    |   0    |   0    |
|        Ingress.fcfs_cs_1074047984_reg_liveness        |   4    |    4     |  0   |    0     |  17  |   0   |  17  |   0    |   0   |   0    |   0    |   0    |
|          tbl_clf40000c1000000unifhmaxtput781          |   4    |    2     |  16  |    0     |  0   |   0   |  0   |   1    |   1   |   0    |   1    |   0    |
|      tbl_clf40000c1000000unifhmaxtput781-gateway      |   4    |    0     |  0   |    1     |  0   |   0   |  0   |   0    |   0   |   1    |   0    |   0    |
|          tbl_clf40000c1000000unifhmaxtput865          |   4    |    2     |  16  |    0     |  0   |   0   |  0   |   1    |   1   |   0    |   1    |   0    |
|      tbl_clf40000c1000000unifhmaxtput865-gateway      |   4    |    0     |  0   |    1     |  0   |   0   |  0   |   0    |   0   |   1    |   0    |   0    |
|          Ingress.fcfs_cs_1074047984_reg_key_0         |   5    |    4     |  0   |    0     |  17  |   0   |  17  |   0    |   0   |   0    |   0    |   0    |
|        Ingress.fcfs_cs_1074047984_reg_punt_gate       |   5    |    8     |  0   |    0     |  17  |   0   |  17  |   0    |   0   |   0    |   0    |   0    |
|                        cond-24                        |   5    |    1     |  0   |    1     |  0   |   0   |  0   |   0    |   0   |   1    |   0    |   1    |
|                        cond-33                        |   5    |    2     |  0   |    1     |  0   |   0   |  0   |   0    |   0   |   1    |   0    |   1    |
|          tbl_clf40000c1000000unifhmaxtput783          |   5    |    2     |  16  |    0     |  0   |   0   |  0   |   1    |   1   |   0    |   1    |   0    |
|            tbl_fcfs_cs_1074047984_check_key           |   5    |    2     |  16  |    0     |  0   |   0   |  0   |   1    |   1   |   0    |   1    |   0    |
|                     tbl_punt_gate                     |   5    |    0     |  0   |    0     |  0   |   0   |  0   |   1    |   1   |   0    |   1    |   0    |
|                 tbl_punt_gate-gateway                 |   5    |    0     |  0   |    1     |  0   |   0   |  0   |   0    |   0   |   1    |   0    |   0    |
|          Ingress.fcfs_cs_1074047984_reg_key_1         |   6    |    4     |  0   |    0     |  17  |   0   |  17  |   0    |   0   |   0    |   0    |   0    |
|          tbl_clf40000c1000000unifhmaxtput784          |   6    |    2     |  16  |    0     |  0   |   0   |  0   |   1    |   1   |   0    |   1    |   0    |
|      tbl_clf40000c1000000unifhmaxtput784-gateway      |   6    |    0     |  0   |    1     |  0   |   0   |  0   |   0    |   0   |   1    |   0    |   0    |
|           tbl_fcfs_cs_1074047984_check_key_0          |   6    |    2     |  16  |    0     |  0   |   0   |  0   |   1    |   1   |   0    |   1    |   0    |
|       tbl_fcfs_cs_1074047984_check_key_0-gateway      |   6    |    0     |  0   |    1     |  0   |   0   |  0   |   0    |   0   |   1    |   0    |   0    |
|          Ingress.fcfs_cs_1074047984_reg_key_2         |   7    |    4     |  0   |    0     |  17  |   0   |  17  |   0    |   0   |   0    |   0    |   0    |
|          tbl_clf40000c1000000unifhmaxtput785          |   7    |    2     |  16  |    0     |  0   |   0   |  0   |   1    |   1   |   0    |   1    |   0    |
|      tbl_clf40000c1000000unifhmaxtput785-gateway      |   7    |    0     |  0   |    1     |  0   |   0   |  0   |   0    |   0   |   1    |   0    |   0    |
|           tbl_fcfs_cs_1074047984_check_key_1          |   7    |    2     |  16  |    0     |  0   |   0   |  0   |   1    |   1   |   0    |   1    |   0    |
|       tbl_fcfs_cs_1074047984_check_key_1-gateway      |   7    |    0     |  0   |    1     |  0   |   0   |  0   |   0    |   0   |   1    |   0    |   0    |
|          Ingress.vector_table_1074110176_160          |   8    |    4     |  40  |    0     |  4   |   0   |  0   |   4    |   2   |   1    |   1    |   0    |
|                        cond-25                        |   8    |    4     |  0   |    1     |  0   |   0   |  0   |   0    |   0   |   1    |   0    |   0    |
|                        cond-26                        |   8    |    1     |  0   |    1     |  0   |   0   |  0   |   0    |   0   |   1    |   0    |   0    |
|                        cond-34                        |   8    |    1     |  0   |    1     |  0   |   0   |  0   |   0    |   0   |   1    |   0    |   0    |
|                   tbl_build_cpu_hdr                   |   8    |    0     |  0   |    0     |  0   |   0   |  0   |   4    |   1   |   0    |   0    |   1    |
|          tbl_clf40000c1000000unifhmaxtput811          |   8    |    0     |  0   |    0     |  0   |   0   |  0   |   0    |   1   |   0    |   0    |   1    |
|          tbl_clf40000c1000000unifhmaxtput813          |   8    |    0     |  0   |    0     |  0   |   0   |  0   |   0    |   1   |   0    |   0    |   1    |
|          tbl_clf40000c1000000unifhmaxtput818          |   8    |    0     |  0   |    0     |  0   |   0   |  0   |   0    |   1   |   0    |   0    |   1    |
|          tbl_clf40000c1000000unifhmaxtput871          |   8    |    0     |  0   |    0     |  0   |   0   |  0   |   0    |   1   |   0    |   0    |   1    |
|          Ingress.vector_table_1074110176_171          |   9    |    4     |  40  |    0     |  4   |   0   |  0   |   4    |   2   |   1    |   1    |   0    |
|                        cond-35                        |   9    |    1     |  0   |    1     |  0   |   0   |  0   |   0    |   0   |   1    |   0    |   0    |
|          tbl_clf40000c1000000unifhmaxtput804          |   9    |    0     |  0   |    0     |  0   |   0   |  0   |   0    |   1   |   0    |   0    |   1    |
|          tbl_clf40000c1000000unifhmaxtput881          |   9    |    0     |  0   |    0     |  0   |   0   |  0   |   0    |   1   |   0    |   0    |   1    |
|         tbl_clf40000c1000000unifhmaxtput881_0         |   9    |    0     |  0   |    0     |  0   |   0   |  0   |   0    |   1   |   0    |   0    |   1    |
|          tbl_clf40000c1000000unifhmaxtput924          |   10   |    0     |  0   |    0     |  0   |   0   |  0   |   0    |   1   |   0    |   0    |   1    |
|          tbl_cms_1074080384_hash_0_2086_calc          |   10   |    8     |  10  |    0     |  0   |   0   |  0   |   2    |   1   |   0    |   1    |   0    |
|      tbl_cms_1074080384_hash_0_2086_calc-gateway      |   10   |    0     |  0   |    1     |  0   |   0   |  0   |   0    |   0   |   1    |   0    |   0    |
|          tbl_cms_1074080384_hash_1_2086_calc          |   10   |    8     |  10  |    0     |  0   |   0   |  0   |   4    |   1   |   0    |   1    |   0    |
|      tbl_cms_1074080384_hash_1_2086_calc-gateway      |   10   |    0     |  0   |    1     |  0   |   0   |  0   |   0    |   0   |   1    |   0    |   0    |
|          tbl_cms_1074080384_hash_2_2086_calc          |   10   |    8     |  10  |    0     |  0   |   0   |  0   |   2    |   1   |   0    |   1    |   0    |
|      tbl_cms_1074080384_hash_2_2086_calc-gateway      |   10   |    0     |  0   |    1     |  0   |   0   |  0   |   0    |   0   |   1    |   0    |   0    |
|          tbl_cms_1074080384_hash_3_2086_calc          |   10   |    8     |  10  |    0     |  0   |   0   |  0   |   2    |   1   |   0    |   1    |   0    |
|      tbl_cms_1074080384_hash_3_2086_calc-gateway      |   10   |    0     |  0   |    1     |  0   |   0   |  0   |   0    |   0   |   1    |   0    |   0    |
|              Ingress.cms_1074080384_row_0             |   11   |    0     |  0   |    0     |  2   |   0   |  2   |   0    |   0   |   0    |   0    |   0    |
|              Ingress.cms_1074080384_row_1             |   11   |    0     |  0   |    0     |  2   |   0   |  2   |   0    |   0   |   0    |   0    |   0    |
|              Ingress.cms_1074080384_row_2             |   11   |    0     |  0   |    0     |  2   |   0   |  2   |   0    |   0   |   0    |   0    |   0    |
|              Ingress.cms_1074080384_row_3             |   11   |    0     |  0   |    0     |  2   |   0   |  2   |   0    |   0   |   0    |   0    |   0    |
|     tbl_cms_1074080384_row_0_inc_and_read_execute     |   11   |    2     |  10  |    0     |  0   |   0   |  0   |   4    |   1   |   0    |   1    |   0    |
| tbl_cms_1074080384_row_0_inc_and_read_execute-gateway |   11   |    0     |  0   |    1     |  0   |   0   |  0   |   0    |   0   |   1    |   0    |   0    |
|     tbl_cms_1074080384_row_1_inc_and_read_execute     |   11   |    2     |  10  |    0     |  0   |   0   |  0   |   4    |   1   |   0    |   1    |   0    |
| tbl_cms_1074080384_row_1_inc_and_read_execute-gateway |   11   |    0     |  0   |    1     |  0   |   0   |  0   |   0    |   0   |   1    |   0    |   0    |
|     tbl_cms_1074080384_row_2_inc_and_read_execute     |   11   |    2     |  10  |    0     |  0   |   0   |  0   |   4    |   1   |   0    |   1    |   0    |
| tbl_cms_1074080384_row_2_inc_and_read_execute-gateway |   11   |    0     |  0   |    1     |  0   |   0   |  0   |   0    |   0   |   1    |   0    |   0    |
|     tbl_cms_1074080384_row_3_inc_and_read_execute     |   11   |    2     |  10  |    0     |  0   |   0   |  0   |   4    |   1   |   0    |   1    |   0    |
| tbl_cms_1074080384_row_3_inc_and_read_execute-gateway |   11   |    0     |  0   |    1     |  0   |   0   |  0   |   0    |   0   |   1    |   0    |   0    |
|          tbl_clf40000c1000000unifhmaxtput891          |   12   |    0     |  0   |    0     |  0   |   0   |  0   |   0    |   1   |   0    |   0    |   1    |
|          tbl_clf40000c1000000unifhmaxtput892          |   13   |    0     |  0   |    0     |  0   |   0   |  0   |   0    |   1   |   0    |   0    |   1    |
|          tbl_clf40000c1000000unifhmaxtput893          |   14   |    0     |  0   |    0     |  0   |   0   |  0   |   0    |   1   |   0    |   0    |   1    |
|                        cond-36                        |   15   |    2     |  0   |    1     |  0   |   0   |  0   |   0    |   0   |   1    |   0    |   0    |
|                  tbl_build_recirc_hdr                 |   15   |    0     |  0   |    0     |  0   |   0   |  0   |   0    |   1   |   0    |   0    |   1    |
|          tbl_clf40000c1000000unifhmaxtput901          |   15   |    0     |  0   |    0     |  0   |   0   |  0   |   0    |   1   |   0    |   0    |   1    |
|          tbl_clf40000c1000000unifhmaxtput903          |   15   |    0     |  0   |    0     |  0   |   0   |  0   |   0    |   1   |   0    |   0    |   1    |
|          tbl_clf40000c1000000unifhmaxtput909          |   15   |    0     |  0   |    0     |  0   |   0   |  0   |   0    |   1   |   0    |   0    |   1    |
|                 Ingress.forwarding_tbl                |   16   |    7     |  0   |    0     |  1   |   2   |  0   |   8    |   4   |   0    |   0    |   1    |
|             Ingress.forwarding_tbl$action             |   16   |    0     |  0   |    0     |  1   |   0   |  0   |   0    |   0   |   0    |   0    |   0    |
|                        cond-37                        |   17   |    1     |  0   |    1     |  0   |   0   |  0   |   0    |   0   |   1    |   0    |   0    |
|                        cond-38                        |   17   |    1     |  0   |    1     |  0   |   0   |  0   |   0    |   0   |   1    |   0    |   0    |
|          tbl_clf40000c1000000unifhmaxtput959          |   17   |    0     |  0   |    0     |  0   |   0   |  0   |   0    |   1   |   0    |   0    |   1    |
|          tbl_clf40000c1000000unifhmaxtput962          |   17   |    0     |  0   |    0     |  0   |   0   |  0   |   0    |   1   |   0    |   0    |   1    |
------------------------------------------------------------------------------------------------------------------------------------------------------------------

