+---------------------------------------------------------------------+
|  Log file: mau.resources.log                                        |
|  Compiler version: 9.13.4                                           |
|  Created on: Thu Jan 22 14:09:56 2026                               |
|  Run ID: 44de2e5008074d8c                                           |
+---------------------------------------------------------------------+


---------------------------------------------------------------------------------------------------------------------------------------------------------------------------------------------------------------------------------------------------------------------------------------------------------------------------------------------------------------
| Stage Number | Exact Match Input xbar | Ternary Match Input xbar | Hash Bit | Hash Dist Unit | Gateway | SRAM | Map RAM | TCAM | VLIW Instr | Meter ALU | Stats ALU | Stash | Exact Match Search Bus | Exact Match Result Bus | Tind Result Bus | Action Data Bus Bytes | 8-bit Action Slots | 16-bit Action Slots | 32-bit Action Slots | Logical TableID |
---------------------------------------------------------------------------------------------------------------------------------------------------------------------------------------------------------------------------------------------------------------------------------------------------------------------------------------------------------------
|      0       |           4            |            0             |    40    |       0        |    3    |  4   |    0    |  0   |     3      |     0     |     0     |   0   |           3            |           1            |        2        |           4           |         0          |          0          |          0          |        5        |
|      1       |           5            |            0             |    40    |       0        |    2    |  4   |    0    |  0   |     1      |     0     |     0     |   0   |           2            |           1            |        0        |           4           |         0          |          0          |          0          |        2        |
|      2       |           30           |            0             |    84    |       0        |    1    |  76  |    48   |  0   |     2      |     0     |     0     |   0   |           3            |           2            |        3        |           0           |         0          |          0          |          0          |        5        |
|      3       |           27           |            0             |    76    |       2        |    2    |  44  |    28   |  0   |     2      |     0     |     0     |   0   |           3            |           3            |        2        |           4           |         0          |          0          |          0          |        4        |
|      4       |           6            |            0             |    32    |       2        |    2    |  17  |    17   |  0   |     2      |     1     |     0     |   0   |           1            |           2            |        0        |           1           |         0          |          0          |          0          |        2        |
|      5       |           6            |            0             |    32    |       2        |    3    |  9   |    9    |  0   |     2      |     1     |     0     |   0   |           3            |           3            |        2        |           1           |         0          |          0          |          0          |        3        |
|      6       |           4            |            0             |    32    |       2        |    3    |  9   |    9    |  0   |     2      |     1     |     0     |   0   |           2            |           3            |        0        |           1           |         0          |          0          |          0          |        3        |
|      7       |           6            |            0             |    32    |       2        |    3    |  17  |    17   |  0   |     2      |     1     |     0     |   0   |           2            |           3            |        0        |           1           |         0          |          0          |          0          |        3        |
|      8       |           6            |            0             |    32    |       2        |    3    |  17  |    17   |  0   |     2      |     1     |     0     |   0   |           2            |           3            |        0        |           1           |         0          |          0          |          0          |        3        |
|      9       |           3            |            0             |    32    |       2        |    3    |  5   |    5    |  0   |     2      |     1     |     0     |   0   |           2            |           3            |        0        |           1           |         0          |          0          |          0          |        3        |
|      10      |           1            |            0             |    0     |       0        |    2    |  0   |    0    |  0   |     2      |     0     |     0     |   0   |           2            |           0            |        2        |           0           |         0          |          0          |          0          |        2        |
|      11      |           9            |            0             |    40    |       0        |    3    |  5   |    0    |  0   |     3      |     0     |     0     |   0   |           3            |           1            |        3        |           8           |         0          |          0          |          0          |        5        |
|      12      |           4            |            0             |    0     |       0        |    2    |  0   |    0    |  0   |     3      |     0     |     0     |   0   |           2            |           0            |        4        |           0           |         0          |          0          |          0          |        4        |
|      13      |           4            |            0             |    40    |       0        |    0    |  4   |    0    |  0   |     1      |     0     |     0     |   0   |           1            |           1            |        0        |           2           |         0          |          0          |          0          |        1        |
|      14      |           4            |            0             |    0     |       0        |    2    |  0   |    0    |  0   |     2      |     0     |     0     |   0   |           2            |           0            |        3        |           0           |         0          |          0          |          0          |        3        |
|      15      |           4            |            0             |    40    |       0        |    0    |  4   |    0    |  0   |     1      |     0     |     0     |   0   |           1            |           1            |        0        |           2           |         0          |          0          |          0          |        1        |
|      16      |           4            |            0             |    0     |       0        |    2    |  0   |    0    |  0   |     2      |     0     |     0     |   0   |           2            |           0            |        3        |           0           |         0          |          0          |          0          |        3        |
|      17      |           0            |            7             |    0     |       0        |    0    |  2   |    0    |  2   |     4      |     0     |     0     |   0   |           0            |           0            |        1        |           6           |         0          |          0          |          0          |        1        |
|      18      |           0            |            0             |    0     |       0        |    0    |  0   |    0    |  0   |     0      |     0     |     0     |   0   |           0            |           0            |        0        |           0           |         0          |          0          |          0          |        0        |
|      19      |           0            |            0             |    0     |       0        |    0    |  0   |    0    |  0   |     0      |     0     |     0     |   0   |           0            |           0            |        0        |           0           |         0          |          0          |          0          |        0        |
|              |                        |                          |          |                |         |      |         |      |            |           |           |       |                        |                        |                 |                       |                    |                     |                     |                 |
|    Totals    |          127           |            7             |   552    |       14       |    36   | 217  |   150   |  2   |     38     |     6     |     0     |   0   |           36           |           27           |        25       |           36          |         0          |          0          |          0          |        53       |
---------------------------------------------------------------------------------------------------------------------------------------------------------------------------------------------------------------------------------------------------------------------------------------------------------------------------------------------------------------


------------------------------------------------------------------------------------------------------------------------------------------------------------------------------------------------------------------------------------------------------------------------------------------------------------------------------------------------------------------
| Stage Number | Exact Match Input xbar | Ternary Match Input xbar | Hash Bit | Hash Dist Unit | Gateway |  SRAM  | Map RAM |  TCAM | VLIW Instr | Meter ALU | Stats ALU | Stash | Exact Match Search Bus | Exact Match Result Bus | Tind Result Bus | Action Data Bus Bytes | 8-bit Action Slots | 16-bit Action Slots | 32-bit Action Slots | Logical TableID |
------------------------------------------------------------------------------------------------------------------------------------------------------------------------------------------------------------------------------------------------------------------------------------------------------------------------------------------------------------------
|      0       |         3.12%          |          0.00%           |  9.62%   |     0.00%      |  18.75% | 5.00%  |  0.00%  | 0.00% |   9.38%    |   0.00%   |   0.00%   | 0.00% |         18.75%         |         6.25%          |      12.50%     |         3.12%         |       0.00%        |        0.00%        |        0.00%        |      31.25%     |
|      1       |         3.91%          |          0.00%           |  9.62%   |     0.00%      |  12.50% | 5.00%  |  0.00%  | 0.00% |   3.12%    |   0.00%   |   0.00%   | 0.00% |         12.50%         |         6.25%          |      0.00%      |         3.12%         |       0.00%        |        0.00%        |        0.00%        |      12.50%     |
|      2       |         23.44%         |          0.00%           |  20.19%  |     0.00%      |  6.25%  | 95.00% | 100.00% | 0.00% |   6.25%    |   0.00%   |   0.00%   | 0.00% |         18.75%         |         12.50%         |      18.75%     |         0.00%         |       0.00%        |        0.00%        |        0.00%        |      31.25%     |
|      3       |         21.09%         |          0.00%           |  18.27%  |     33.33%     |  12.50% | 55.00% |  58.33% | 0.00% |   6.25%    |   0.00%   |   0.00%   | 0.00% |         18.75%         |         18.75%         |      12.50%     |         3.12%         |       0.00%        |        0.00%        |        0.00%        |      25.00%     |
|      4       |         4.69%          |          0.00%           |  7.69%   |     33.33%     |  12.50% | 21.25% |  35.42% | 0.00% |   6.25%    |   25.00%  |   0.00%   | 0.00% |         6.25%          |         12.50%         |      0.00%      |         0.78%         |       0.00%        |        0.00%        |        0.00%        |      12.50%     |
|      5       |         4.69%          |          0.00%           |  7.69%   |     33.33%     |  18.75% | 11.25% |  18.75% | 0.00% |   6.25%    |   25.00%  |   0.00%   | 0.00% |         18.75%         |         18.75%         |      12.50%     |         0.78%         |       0.00%        |        0.00%        |        0.00%        |      18.75%     |
|      6       |         3.12%          |          0.00%           |  7.69%   |     33.33%     |  18.75% | 11.25% |  18.75% | 0.00% |   6.25%    |   25.00%  |   0.00%   | 0.00% |         12.50%         |         18.75%         |      0.00%      |         0.78%         |       0.00%        |        0.00%        |        0.00%        |      18.75%     |
|      7       |         4.69%          |          0.00%           |  7.69%   |     33.33%     |  18.75% | 21.25% |  35.42% | 0.00% |   6.25%    |   25.00%  |   0.00%   | 0.00% |         12.50%         |         18.75%         |      0.00%      |         0.78%         |       0.00%        |        0.00%        |        0.00%        |      18.75%     |
|      8       |         4.69%          |          0.00%           |  7.69%   |     33.33%     |  18.75% | 21.25% |  35.42% | 0.00% |   6.25%    |   25.00%  |   0.00%   | 0.00% |         12.50%         |         18.75%         |      0.00%      |         0.78%         |       0.00%        |        0.00%        |        0.00%        |      18.75%     |
|      9       |         2.34%          |          0.00%           |  7.69%   |     33.33%     |  18.75% | 6.25%  |  10.42% | 0.00% |   6.25%    |   25.00%  |   0.00%   | 0.00% |         12.50%         |         18.75%         |      0.00%      |         0.78%         |       0.00%        |        0.00%        |        0.00%        |      18.75%     |
|      10      |         0.78%          |          0.00%           |  0.00%   |     0.00%      |  12.50% | 0.00%  |  0.00%  | 0.00% |   6.25%    |   0.00%   |   0.00%   | 0.00% |         12.50%         |         0.00%          |      12.50%     |         0.00%         |       0.00%        |        0.00%        |        0.00%        |      12.50%     |
|      11      |         7.03%          |          0.00%           |  9.62%   |     0.00%      |  18.75% | 6.25%  |  0.00%  | 0.00% |   9.38%    |   0.00%   |   0.00%   | 0.00% |         18.75%         |         6.25%          |      18.75%     |         6.25%         |       0.00%        |        0.00%        |        0.00%        |      31.25%     |
|      12      |         3.12%          |          0.00%           |  0.00%   |     0.00%      |  12.50% | 0.00%  |  0.00%  | 0.00% |   9.38%    |   0.00%   |   0.00%   | 0.00% |         12.50%         |         0.00%          |      25.00%     |         0.00%         |       0.00%        |        0.00%        |        0.00%        |      25.00%     |
|      13      |         3.12%          |          0.00%           |  9.62%   |     0.00%      |  0.00%  | 5.00%  |  0.00%  | 0.00% |   3.12%    |   0.00%   |   0.00%   | 0.00% |         6.25%          |         6.25%          |      0.00%      |         1.56%         |       0.00%        |        0.00%        |        0.00%        |      6.25%      |
|      14      |         3.12%          |          0.00%           |  0.00%   |     0.00%      |  12.50% | 0.00%  |  0.00%  | 0.00% |   6.25%    |   0.00%   |   0.00%   | 0.00% |         12.50%         |         0.00%          |      18.75%     |         0.00%         |       0.00%        |        0.00%        |        0.00%        |      18.75%     |
|      15      |         3.12%          |          0.00%           |  9.62%   |     0.00%      |  0.00%  | 5.00%  |  0.00%  | 0.00% |   3.12%    |   0.00%   |   0.00%   | 0.00% |         6.25%          |         6.25%          |      0.00%      |         1.56%         |       0.00%        |        0.00%        |        0.00%        |      6.25%      |
|      16      |         3.12%          |          0.00%           |  0.00%   |     0.00%      |  12.50% | 0.00%  |  0.00%  | 0.00% |   6.25%    |   0.00%   |   0.00%   | 0.00% |         12.50%         |         0.00%          |      18.75%     |         0.00%         |       0.00%        |        0.00%        |        0.00%        |      18.75%     |
|      17      |         0.00%          |          10.61%          |  0.00%   |     0.00%      |  0.00%  | 2.50%  |  0.00%  | 8.33% |   12.50%   |   0.00%   |   0.00%   | 0.00% |         0.00%          |         0.00%          |      6.25%      |         4.69%         |       0.00%        |        0.00%        |        0.00%        |      6.25%      |
|      18      |         0.00%          |          0.00%           |  0.00%   |     0.00%      |  0.00%  | 0.00%  |  0.00%  | 0.00% |   0.00%    |   0.00%   |   0.00%   | 0.00% |         0.00%          |         0.00%          |      0.00%      |         0.00%         |       0.00%        |        0.00%        |        0.00%        |      0.00%      |
|      19      |         0.00%          |          0.00%           |  0.00%   |     0.00%      |  0.00%  | 0.00%  |  0.00%  | 0.00% |   0.00%    |   0.00%   |   0.00%   | 0.00% |         0.00%          |         0.00%          |      0.00%      |         0.00%         |       0.00%        |        0.00%        |        0.00%        |      0.00%      |
|              |                        |                          |          |                |         |        |         |       |            |           |           |       |                        |                        |                 |                       |                    |                     |                     |                 |
|   Average    |         5.51%          |          0.59%           |  7.37%   |     12.96%     |  12.50% | 15.07% |  17.36% | 0.46% |   6.60%    |   8.33%   |   0.00%   | 0.00% |         12.50%         |         9.38%          |      8.68%      |         1.56%         |       0.00%        |        0.00%        |        0.00%        |      18.40%     |
------------------------------------------------------------------------------------------------------------------------------------------------------------------------------------------------------------------------------------------------------------------------------------------------------------------------------------------------------------------


Allocated Resource Usage
----------------------------------------------------------------------------------------------------------------------------------------------------------
|                     Table                     | Stage  | Crossbar | Hash | Gateways | RAMs | TCAMs | Map  | Action |  VLIW |  Exm   |  Exm   |  Tind  |
|                      Name                     | Number |  Bytes   | Bits |          |      |       | RAMs |  Data  | Slots | Search | Result | Result |
|                                               |        |          |      |          |      |       |      |  Bus   |       |  Bus   |  Bus   |  Bus   |
|                                               |        |          |      |          |      |       |      | Bytes  |       |        |        |        |
----------------------------------------------------------------------------------------------------------------------------------------------------------
|          IngressParser.$PORT_METADATA         |   -1   |    0     |  0   |    0     |  0   |   0   |  0   |   0    |   0   |   0    |   0    |   0    |
|         Ingress.ingress_port_to_nf_dev        |   0    |    2     |  40  |    0     |  4   |   0   |  0   |   4    |   3   |   1    |   1    |   0    |
|                    cond-21                    |   0    |    2     |  0   |    1     |  0   |   0   |  0   |   0    |   0   |   1    |   0    |   0    |
|                    cond-22                    |   0    |    1     |  0   |    1     |  0   |   0   |  0   |   0    |   0   |   1    |   0    |   0    |
|                    cond-23                    |   0    |    1     |  0   |    1     |  0   |   0   |  0   |   0    |   0   |   1    |   0    |   0    |
|     tbl_fwf40000c100000zipf0_8hmaxtput557     |   0    |    0     |  0   |    0     |  0   |   0   |  0   |   0    |   1   |   0    |   0    |   1    |
|     tbl_fwf40000c100000zipf0_8hmaxtput803     |   0    |    0     |  0   |    0     |  0   |   0   |  0   |   0    |   1   |   0    |   0    |   1    |
|      Ingress.vector_table_1074076456_139      |   1    |    4     |  40  |    0     |  4   |   0   |  0   |   4    |   2   |   1    |   1    |   0    |
|                    cond-24                    |   1    |    1     |  0   |    1     |  0   |   0   |  0   |   0    |   0   |   1    |   0    |   0    |
|                    cond-25                    |   1    |    1     |  0   |    1     |  0   |   0   |  0   |   0    |   0   |   1    |   0    |   0    |
|      Ingress.fcfs_cs_1074044048_table_142     |   2    |    13    |  40  |    0     |  16  |   0   |  10  |   0    |   1   |   1    |   1    |   0    |
|      Ingress.fcfs_cs_1074044048_table_159     |   2    |    13    |  44  |    0     |  60  |   0   |  38  |   0    |   1   |   1    |   1    |   0    |
|                    cond-26                    |   2    |    4     |  0   |    1     |  0   |   0   |  0   |   0    |   0   |   1    |   0    |   0    |
|                   tbl_act_1                   |   2    |    0     |  0   |    0     |  0   |   0   |  0   |   0    |   1   |   0    |   0    |   1    |
|     tbl_fwf40000c100000zipf0_8hmaxtput593     |   2    |    0     |  0   |    0     |  0   |   0   |  0   |   0    |   1   |   0    |   0    |   1    |
|     tbl_fwf40000c100000zipf0_8hmaxtput664     |   2    |    0     |  0   |    0     |  0   |   0   |  0   |   0    |   1   |   0    |   0    |   1    |
|      Ingress.fcfs_cs_1074044048_table_142     |   3    |    13    |  44  |    0     |  44  |   0   |  28  |   0    |   1   |   1    |   1    |   0    |
|                    cond-32                    |   3    |    1     |  0   |    1     |  0   |   0   |  0   |   0    |   0   |   1    |   0    |   1    |
|                    tbl_act                    |   3    |    0     |  0   |    0     |  0   |   0   |  0   |   0    |   1   |   0    |   0    |   1    |
|      tbl_fcfs_cs_1074044048_hash_142_calc     |   3    |    13    |  16  |    0     |  0   |   0   |  0   |   2    |   1   |   0    |   1    |   0    |
|  tbl_fcfs_cs_1074044048_hash_142_calc-gateway |   3    |    0     |  0   |    1     |  0   |   0   |  0   |   0    |   0   |   1    |   0    |   0    |
|      tbl_fcfs_cs_1074044048_hash_159_calc     |   3    |    13    |  16  |    0     |  0   |   0   |  0   |   2    |   1   |   0    |   1    |   0    |
|    Ingress.fcfs_cs_1074044048_reg_liveness    |   4    |    4     |  0   |    0     |  17  |   0   |  17  |   0    |   0   |   0    |   0    |   0    |
|     tbl_fwf40000c100000zipf0_8hmaxtput600     |   4    |    2     |  16  |    0     |  0   |   0   |  0   |   1    |   1   |   0    |   1    |   0    |
| tbl_fwf40000c100000zipf0_8hmaxtput600-gateway |   4    |    0     |  0   |    1     |  0   |   0   |  0   |   0    |   0   |   1    |   0    |   0    |
|     tbl_fwf40000c100000zipf0_8hmaxtput673     |   4    |    2     |  16  |    0     |  0   |   0   |  0   |   1    |   1   |   0    |   1    |   0    |
| tbl_fwf40000c100000zipf0_8hmaxtput673-gateway |   4    |    0     |  0   |    1     |  0   |   0   |  0   |   0    |   0   |   1    |   0    |   0    |
|      Ingress.fcfs_cs_1074044048_reg_key_0     |   5    |    2     |  0   |    0     |  9   |   0   |  9   |   0    |   0   |   0    |   0    |   0    |
|                    cond-27                    |   5    |    2     |  0   |    1     |  0   |   0   |  0   |   0    |   0   |   1    |   0    |   1    |
|                    cond-33                    |   5    |    1     |  0   |    1     |  0   |   0   |  0   |   0    |   0   |   1    |   0    |   1    |
|     tbl_fwf40000c100000zipf0_8hmaxtput603     |   5    |    2     |  16  |    0     |  0   |   0   |  0   |   1    |   1   |   0    |   1    |   0    |
|     tbl_fwf40000c100000zipf0_8hmaxtput676     |   5    |    2     |  16  |    0     |  0   |   0   |  0   |   1    |   1   |   0    |   1    |   0    |
|     tbl_fwf40000c100000zipf0_8hmaxtput685     |   5    |    0     |  0   |    0     |  0   |   0   |  0   |   1    |   1   |   0    |   1    |   0    |
| tbl_fwf40000c100000zipf0_8hmaxtput685-gateway |   5    |    0     |  0   |    1     |  0   |   0   |  0   |   0    |   0   |   1    |   0    |   0    |
|      Ingress.fcfs_cs_1074044048_reg_key_1     |   6    |    2     |  0   |    0     |  9   |   0   |  9   |   0    |   0   |   0    |   0    |   0    |
|     tbl_fwf40000c100000zipf0_8hmaxtput604     |   6    |    2     |  16  |    0     |  0   |   0   |  0   |   1    |   1   |   0    |   1    |   0    |
| tbl_fwf40000c100000zipf0_8hmaxtput604-gateway |   6    |    0     |  0   |    1     |  0   |   0   |  0   |   0    |   0   |   1    |   0    |   0    |
|     tbl_fwf40000c100000zipf0_8hmaxtput677     |   6    |    2     |  16  |    0     |  0   |   0   |  0   |   1    |   1   |   0    |   1    |   0    |
| tbl_fwf40000c100000zipf0_8hmaxtput677-gateway |   6    |    0     |  0   |    1     |  0   |   0   |  0   |   0    |   0   |   1    |   0    |   0    |
|     tbl_fwf40000c100000zipf0_8hmaxtput686     |   6    |    0     |  0   |    0     |  0   |   0   |  0   |   1    |   1   |   0    |   1    |   0    |
| tbl_fwf40000c100000zipf0_8hmaxtput686-gateway |   6    |    0     |  0   |    1     |  0   |   0   |  0   |   0    |   0   |   1    |   0    |   0    |
|      Ingress.fcfs_cs_1074044048_reg_key_2     |   7    |    4     |  0   |    0     |  17  |   0   |  17  |   0    |   0   |   0    |   0    |   0    |
|     tbl_fwf40000c100000zipf0_8hmaxtput605     |   7    |    2     |  16  |    0     |  0   |   0   |  0   |   1    |   1   |   0    |   1    |   0    |
| tbl_fwf40000c100000zipf0_8hmaxtput605-gateway |   7    |    0     |  0   |    1     |  0   |   0   |  0   |   0    |   0   |   1    |   0    |   0    |
|     tbl_fwf40000c100000zipf0_8hmaxtput678     |   7    |    2     |  16  |    0     |  0   |   0   |  0   |   1    |   1   |   0    |   1    |   0    |
| tbl_fwf40000c100000zipf0_8hmaxtput678-gateway |   7    |    0     |  0   |    1     |  0   |   0   |  0   |   0    |   0   |   1    |   0    |   0    |
|     tbl_fwf40000c100000zipf0_8hmaxtput687     |   7    |    0     |  0   |    0     |  0   |   0   |  0   |   1    |   1   |   0    |   1    |   0    |
| tbl_fwf40000c100000zipf0_8hmaxtput687-gateway |   7    |    0     |  0   |    1     |  0   |   0   |  0   |   0    |   0   |   1    |   0    |   0    |
|      Ingress.fcfs_cs_1074044048_reg_key_3     |   8    |    4     |  0   |    0     |  17  |   0   |  17  |   0    |   0   |   0    |   0    |   0    |
|     tbl_fwf40000c100000zipf0_8hmaxtput606     |   8    |    2     |  16  |    0     |  0   |   0   |  0   |   1    |   1   |   0    |   1    |   0    |
| tbl_fwf40000c100000zipf0_8hmaxtput606-gateway |   8    |    0     |  0   |    1     |  0   |   0   |  0   |   0    |   0   |   1    |   0    |   0    |
|     tbl_fwf40000c100000zipf0_8hmaxtput679     |   8    |    2     |  16  |    0     |  0   |   0   |  0   |   1    |   1   |   0    |   1    |   0    |
| tbl_fwf40000c100000zipf0_8hmaxtput679-gateway |   8    |    0     |  0   |    1     |  0   |   0   |  0   |   0    |   0   |   1    |   0    |   0    |
|     tbl_fwf40000c100000zipf0_8hmaxtput688     |   8    |    0     |  0   |    0     |  0   |   0   |  0   |   1    |   1   |   0    |   1    |   0    |
| tbl_fwf40000c100000zipf0_8hmaxtput688-gateway |   8    |    0     |  0   |    1     |  0   |   0   |  0   |   0    |   0   |   1    |   0    |   0    |
|      Ingress.fcfs_cs_1074044048_reg_key_4     |   9    |    1     |  0   |    0     |  5   |   0   |  5   |   0    |   0   |   0    |   0    |   0    |
|     tbl_fwf40000c100000zipf0_8hmaxtput607     |   9    |    2     |  16  |    0     |  0   |   0   |  0   |   1    |   1   |   0    |   1    |   0    |
| tbl_fwf40000c100000zipf0_8hmaxtput607-gateway |   9    |    0     |  0   |    1     |  0   |   0   |  0   |   0    |   0   |   1    |   0    |   0    |
|     tbl_fwf40000c100000zipf0_8hmaxtput680     |   9    |    2     |  16  |    0     |  0   |   0   |  0   |   1    |   1   |   0    |   1    |   0    |
| tbl_fwf40000c100000zipf0_8hmaxtput680-gateway |   9    |    0     |  0   |    1     |  0   |   0   |  0   |   0    |   0   |   1    |   0    |   0    |
|     tbl_fwf40000c100000zipf0_8hmaxtput689     |   9    |    0     |  0   |    0     |  0   |   0   |  0   |   1    |   1   |   0    |   1    |   0    |
| tbl_fwf40000c100000zipf0_8hmaxtput689-gateway |   9    |    0     |  0   |    1     |  0   |   0   |  0   |   0    |   0   |   1    |   0    |   0    |
|                    cond-28                    |   10   |    1     |  0   |    1     |  0   |   0   |  0   |   0    |   0   |   1    |   0    |   0    |
|                    cond-34                    |   10   |    1     |  0   |    1     |  0   |   0   |  0   |   0    |   0   |   1    |   0    |   0    |
|     tbl_fwf40000c100000zipf0_8hmaxtput609     |   10   |    0     |  0   |    0     |  0   |   0   |  0   |   0    |   1   |   0    |   0    |   1    |
|     tbl_fwf40000c100000zipf0_8hmaxtput682     |   10   |    0     |  0   |    0     |  0   |   0   |  0   |   0    |   1   |   0    |   0    |   1    |
|      Ingress.vector_table_1074093672_149      |   11   |    4     |  40  |    0     |  4   |   0   |  0   |   2    |   2   |   1    |   1    |   0    |
|                    cond-29                    |   11   |    1     |  0   |    1     |  0   |   0   |  0   |   0    |   0   |   1    |   0    |   0    |
|                    cond-35                    |   11   |    1     |  0   |    1     |  0   |   0   |  0   |   0    |   0   |   1    |   0    |   0    |
|                    cond-38                    |   11   |    4     |  0   |    1     |  0   |   0   |  0   |   0    |   0   |   1    |   0    |   0    |
|               tbl_build_cpu_hdr               |   11   |    0     |  0   |    0     |  0   |   0   |  0   |   6    |   1   |   0    |   0    |   1    |
|            tbl_build_cpu_hdr$action           |   11   |    0     |  0   |    0     |  1   |   0   |  0   |   0    |   0   |   0    |   0    |   0    |
|     tbl_fwf40000c100000zipf0_8hmaxtput619     |   11   |    0     |  0   |    0     |  0   |   0   |  0   |   0    |   1   |   0    |   0    |   1    |
|     tbl_fwf40000c100000zipf0_8hmaxtput781     |   11   |    0     |  0   |    0     |  0   |   0   |  0   |   0    |   1   |   0    |   0    |   1    |
|                    cond-30                    |   12   |    4     |  0   |    1     |  0   |   0   |  0   |   0    |   0   |   1    |   0    |   0    |
|                    cond-31                    |   12   |    2     |  0   |    1     |  0   |   0   |  0   |   0    |   0   |   1    |   0    |   0    |
|     tbl_fwf40000c100000zipf0_8hmaxtput643     |   12   |    0     |  0   |    0     |  0   |   0   |  0   |   0    |   1   |   0    |   0    |   1    |
|     tbl_fwf40000c100000zipf0_8hmaxtput649     |   12   |    0     |  0   |    0     |  0   |   0   |  0   |   0    |   1   |   0    |   0    |   1    |
|     tbl_fwf40000c100000zipf0_8hmaxtput656     |   12   |    0     |  0   |    0     |  0   |   0   |  0   |   0    |   1   |   0    |   0    |   1    |
|     tbl_fwf40000c100000zipf0_8hmaxtput779     |   12   |    0     |  0   |    0     |  0   |   0   |  0   |   0    |   1   |   0    |   0    |   1    |
|      Ingress.vector_table_1074093672_187      |   13   |    4     |  40  |    0     |  4   |   0   |  0   |   2    |   2   |   1    |   1    |   0    |
|                    cond-36                    |   14   |    4     |  0   |    1     |  0   |   0   |  0   |   0    |   0   |   1    |   0    |   0    |
|                    cond-37                    |   14   |    2     |  0   |    1     |  0   |   0   |  0   |   0    |   0   |   1    |   0    |   0    |
|     tbl_fwf40000c100000zipf0_8hmaxtput718     |   14   |    0     |  0   |    0     |  0   |   0   |  0   |   0    |   1   |   0    |   0    |   1    |
|     tbl_fwf40000c100000zipf0_8hmaxtput724     |   14   |    0     |  0   |    0     |  0   |   0   |  0   |   0    |   1   |   0    |   0    |   1    |
|     tbl_fwf40000c100000zipf0_8hmaxtput731     |   14   |    0     |  0   |    0     |  0   |   0   |  0   |   0    |   1   |   0    |   0    |   1    |
|      Ingress.vector_table_1074093672_176      |   15   |    4     |  40  |    0     |  4   |   0   |  0   |   2    |   2   |   1    |   1    |   0    |
|                    cond-39                    |   16   |    4     |  0   |    1     |  0   |   0   |  0   |   0    |   0   |   1    |   0    |   0    |
|                    cond-40                    |   16   |    2     |  0   |    1     |  0   |   0   |  0   |   0    |   0   |   1    |   0    |   0    |
|     tbl_fwf40000c100000zipf0_8hmaxtput759     |   16   |    0     |  0   |    0     |  0   |   0   |  0   |   0    |   1   |   0    |   0    |   1    |
|     tbl_fwf40000c100000zipf0_8hmaxtput765     |   16   |    0     |  0   |    0     |  0   |   0   |  0   |   0    |   1   |   0    |   0    |   1    |
|     tbl_fwf40000c100000zipf0_8hmaxtput772     |   16   |    0     |  0   |    0     |  0   |   0   |  0   |   0    |   1   |   0    |   0    |   1    |
|             Ingress.forwarding_tbl            |   17   |    7     |  0   |    0     |  1   |   2   |  0   |   6    |   4   |   0    |   0    |   1    |
|         Ingress.forwarding_tbl$action         |   17   |    0     |  0   |    0     |  1   |   0   |  0   |   0    |   0   |   0    |   0    |   0    |
----------------------------------------------------------------------------------------------------------------------------------------------------------

