+---------------------------------------------------------------------+
|  Log file: mau.resources.log                                        |
|  Compiler version: 9.13.4                                           |
|  Created on: Sat Oct  3 14:56:47 2026                               |
|  Run ID: b91e4ce9c56e45a1                                           |
+---------------------------------------------------------------------+


---------------------------------------------------------------------------------------------------------------------------------------------------------------------------------------------------------------------------------------------------------------------------------------------------------------------------------------------------------------
| Stage Number | Exact Match Input xbar | Ternary Match Input xbar | Hash Bit | Hash Dist Unit | Gateway | SRAM | Map RAM | TCAM | VLIW Instr | Meter ALU | Stats ALU | Stash | Exact Match Search Bus | Exact Match Result Bus | Tind Result Bus | Action Data Bus Bytes | 8-bit Action Slots | 16-bit Action Slots | 32-bit Action Slots | Logical TableID |
---------------------------------------------------------------------------------------------------------------------------------------------------------------------------------------------------------------------------------------------------------------------------------------------------------------------------------------------------------------
|      0       |           8            |            0             |    40    |       0        |    7    |  4   |    0    |  0   |     3      |     0     |     0     |   0   |           7            |           1            |        2        |           4           |         0          |          0          |          0          |        9        |
|      1       |           5            |            0             |    40    |       0        |    1    |  4   |    0    |  0   |     1      |     0     |     0     |   0   |           1            |           1            |        0        |           7           |         0          |          0          |          0          |        1        |
|      2       |           12           |            0             |    80    |       0        |    1    |  8   |    0    |  0   |     5      |     0     |     0     |   0   |           2            |           2            |        5        |           12          |         0          |          0          |          0          |        7        |
|      3       |           9            |            0             |    18    |       2        |    4    |  2   |    2    |  0   |     4      |     1     |     0     |   0   |           3            |           2            |        5        |           4           |         0          |          0          |          0          |        7        |
|      4       |           12           |            7             |    26    |       2        |    2    |  21  |    19   |  2   |     5      |     2     |     0     |   0   |           1            |           2            |        1        |           18          |         0          |          0          |          0          |        3        |
|      5       |           3            |            0             |    0     |       0        |    4    |  0   |    0    |  0   |     3      |     0     |     0     |   0   |           4            |           0            |        4        |           0           |         0          |          0          |          0          |        4        |
|      6       |           4            |            0             |    10    |       1        |    1    |  0   |    0    |  0   |     2      |     0     |     0     |   0   |           1            |           1            |        1        |           4           |         0          |          0          |          0          |        2        |
|      7       |           10           |            0             |    10    |       1        |    1    |  2   |    2    |  0   |     1      |     1     |     0     |   0   |           1            |           1            |        0        |           12          |         0          |          0          |          0          |        1        |
|      8       |           2            |            0             |    0     |       0        |    2    |  0   |    0    |  0   |     2      |     0     |     0     |   0   |           2            |           0            |        2        |           0           |         0          |          0          |          0          |        2        |
|      9       |           4            |            0             |    10    |       1        |    1    |  0   |    0    |  0   |     2      |     0     |     0     |   0   |           1            |           1            |        1        |           5           |         0          |          0          |          0          |        2        |
|      10      |           10           |            0             |    10    |       1        |    1    |  2   |    2    |  0   |     1      |     1     |     0     |   0   |           1            |           1            |        0        |           12          |         0          |          0          |          0          |        1        |
|      11      |           2            |            0             |    0     |       0        |    2    |  0   |    0    |  0   |     2      |     0     |     0     |   0   |           2            |           0            |        2        |           0           |         0          |          0          |          0          |        2        |
|      12      |           4            |            0             |    10    |       1        |    1    |  0   |    0    |  0   |     2      |     0     |     0     |   0   |           1            |           1            |        1        |           5           |         0          |          0          |          0          |        2        |
|      13      |           10           |            0             |    10    |       1        |    1    |  2   |    2    |  0   |     1      |     1     |     0     |   0   |           1            |           1            |        0        |           12          |         0          |          0          |          0          |        1        |
|      14      |           2            |            0             |    0     |       0        |    2    |  0   |    0    |  0   |     2      |     0     |     0     |   0   |           2            |           0            |        2        |           0           |         0          |          0          |          0          |        2        |
|      15      |           4            |            0             |    10    |       1        |    1    |  0   |    0    |  0   |     2      |     0     |     0     |   0   |           1            |           1            |        1        |           2           |         0          |          0          |          0          |        2        |
|      16      |           10           |            0             |    10    |       1        |    1    |  2   |    2    |  0   |     1      |     1     |     0     |   0   |           1            |           1            |        0        |           12          |         0          |          0          |          0          |        1        |
|      17      |           2            |            0             |    0     |       0        |    2    |  0   |    0    |  0   |     2      |     0     |     0     |   0   |           2            |           0            |        2        |           0           |         0          |          0          |          0          |        2        |
|      18      |           4            |            0             |    10    |       1        |    1    |  0   |    0    |  0   |     1      |     0     |     0     |   0   |           1            |           1            |        0        |           3           |         0          |          0          |          0          |        1        |
|      19      |           10           |            0             |    10    |       1        |    1    |  2   |    2    |  0   |     1      |     1     |     0     |   0   |           1            |           1            |        0        |           0           |         0          |          0          |          0          |        1        |
|              |                        |                          |          |                |         |      |         |      |            |           |           |       |                        |                        |                 |                       |                    |                     |                     |                 |
|    Totals    |          127           |            7             |   304    |       14       |    37   |  49  |    31   |  2   |     43     |     8     |     0     |   0   |           36           |           18           |        29       |          112          |         0          |          0          |          0          |        53       |
---------------------------------------------------------------------------------------------------------------------------------------------------------------------------------------------------------------------------------------------------------------------------------------------------------------------------------------------------------------


------------------------------------------------------------------------------------------------------------------------------------------------------------------------------------------------------------------------------------------------------------------------------------------------------------------------------------------------------------------
| Stage Number | Exact Match Input xbar | Ternary Match Input xbar | Hash Bit | Hash Dist Unit | Gateway |  SRAM  | Map RAM |  TCAM | VLIW Instr | Meter ALU | Stats ALU | Stash | Exact Match Search Bus | Exact Match Result Bus | Tind Result Bus | Action Data Bus Bytes | 8-bit Action Slots | 16-bit Action Slots | 32-bit Action Slots | Logical TableID |
------------------------------------------------------------------------------------------------------------------------------------------------------------------------------------------------------------------------------------------------------------------------------------------------------------------------------------------------------------------
|      0       |         6.25%          |          0.00%           |  9.62%   |     0.00%      |  43.75% | 5.00%  |  0.00%  | 0.00% |   9.38%    |   0.00%   |   0.00%   | 0.00% |         43.75%         |         6.25%          |      12.50%     |         3.12%         |       0.00%        |        0.00%        |        0.00%        |      56.25%     |
|      1       |         3.91%          |          0.00%           |  9.62%   |     0.00%      |  6.25%  | 5.00%  |  0.00%  | 0.00% |   3.12%    |   0.00%   |   0.00%   | 0.00% |         6.25%          |         6.25%          |      0.00%      |         5.47%         |       0.00%        |        0.00%        |        0.00%        |      6.25%      |
|      2       |         9.38%          |          0.00%           |  19.23%  |     0.00%      |  6.25%  | 10.00% |  0.00%  | 0.00% |   15.62%   |   0.00%   |   0.00%   | 0.00% |         12.50%         |         12.50%         |      31.25%     |         9.38%         |       0.00%        |        0.00%        |        0.00%        |      43.75%     |
|      3       |         7.03%          |          0.00%           |  4.33%   |     33.33%     |  25.00% | 2.50%  |  4.17%  | 0.00% |   12.50%   |   25.00%  |   0.00%   | 0.00% |         18.75%         |         12.50%         |      31.25%     |         3.12%         |       0.00%        |        0.00%        |        0.00%        |      43.75%     |
|      4       |         9.38%          |          10.61%          |  6.25%   |     33.33%     |  12.50% | 26.25% |  39.58% | 8.33% |   15.62%   |   50.00%  |   0.00%   | 0.00% |         6.25%          |         12.50%         |      6.25%      |         14.06%        |       0.00%        |        0.00%        |        0.00%        |      18.75%     |
|      5       |         2.34%          |          0.00%           |  0.00%   |     0.00%      |  25.00% | 0.00%  |  0.00%  | 0.00% |   9.38%    |   0.00%   |   0.00%   | 0.00% |         25.00%         |         0.00%          |      25.00%     |         0.00%         |       0.00%        |        0.00%        |        0.00%        |      25.00%     |
|      6       |         3.12%          |          0.00%           |  2.40%   |     16.67%     |  6.25%  | 0.00%  |  0.00%  | 0.00% |   6.25%    |   0.00%   |   0.00%   | 0.00% |         6.25%          |         6.25%          |      6.25%      |         3.12%         |       0.00%        |        0.00%        |        0.00%        |      12.50%     |
|      7       |         7.81%          |          0.00%           |  2.40%   |     16.67%     |  6.25%  | 2.50%  |  4.17%  | 0.00% |   3.12%    |   25.00%  |   0.00%   | 0.00% |         6.25%          |         6.25%          |      0.00%      |         9.38%         |       0.00%        |        0.00%        |        0.00%        |      6.25%      |
|      8       |         1.56%          |          0.00%           |  0.00%   |     0.00%      |  12.50% | 0.00%  |  0.00%  | 0.00% |   6.25%    |   0.00%   |   0.00%   | 0.00% |         12.50%         |         0.00%          |      12.50%     |         0.00%         |       0.00%        |        0.00%        |        0.00%        |      12.50%     |
|      9       |         3.12%          |          0.00%           |  2.40%   |     16.67%     |  6.25%  | 0.00%  |  0.00%  | 0.00% |   6.25%    |   0.00%   |   0.00%   | 0.00% |         6.25%          |         6.25%          |      6.25%      |         3.91%         |       0.00%        |        0.00%        |        0.00%        |      12.50%     |
|      10      |         7.81%          |          0.00%           |  2.40%   |     16.67%     |  6.25%  | 2.50%  |  4.17%  | 0.00% |   3.12%    |   25.00%  |   0.00%   | 0.00% |         6.25%          |         6.25%          |      0.00%      |         9.38%         |       0.00%        |        0.00%        |        0.00%        |      6.25%      |
|      11      |         1.56%          |          0.00%           |  0.00%   |     0.00%      |  12.50% | 0.00%  |  0.00%  | 0.00% |   6.25%    |   0.00%   |   0.00%   | 0.00% |         12.50%         |         0.00%          |      12.50%     |         0.00%         |       0.00%        |        0.00%        |        0.00%        |      12.50%     |
|      12      |         3.12%          |          0.00%           |  2.40%   |     16.67%     |  6.25%  | 0.00%  |  0.00%  | 0.00% |   6.25%    |   0.00%   |   0.00%   | 0.00% |         6.25%          |         6.25%          |      6.25%      |         3.91%         |       0.00%        |        0.00%        |        0.00%        |      12.50%     |
|      13      |         7.81%          |          0.00%           |  2.40%   |     16.67%     |  6.25%  | 2.50%  |  4.17%  | 0.00% |   3.12%    |   25.00%  |   0.00%   | 0.00% |         6.25%          |         6.25%          |      0.00%      |         9.38%         |       0.00%        |        0.00%        |        0.00%        |      6.25%      |
|      14      |         1.56%          |          0.00%           |  0.00%   |     0.00%      |  12.50% | 0.00%  |  0.00%  | 0.00% |   6.25%    |   0.00%   |   0.00%   | 0.00% |         12.50%         |         0.00%          |      12.50%     |         0.00%         |       0.00%        |        0.00%        |        0.00%        |      12.50%     |
|      15      |         3.12%          |          0.00%           |  2.40%   |     16.67%     |  6.25%  | 0.00%  |  0.00%  | 0.00% |   6.25%    |   0.00%   |   0.00%   | 0.00% |         6.25%          |         6.25%          |      6.25%      |         1.56%         |       0.00%        |        0.00%        |        0.00%        |      12.50%     |
|      16      |         7.81%          |          0.00%           |  2.40%   |     16.67%     |  6.25%  | 2.50%  |  4.17%  | 0.00% |   3.12%    |   25.00%  |   0.00%   | 0.00% |         6.25%          |         6.25%          |      0.00%      |         9.38%         |       0.00%        |        0.00%        |        0.00%        |      6.25%      |
|      17      |         1.56%          |          0.00%           |  0.00%   |     0.00%      |  12.50% | 0.00%  |  0.00%  | 0.00% |   6.25%    |   0.00%   |   0.00%   | 0.00% |         12.50%         |         0.00%          |      12.50%     |         0.00%         |       0.00%        |        0.00%        |        0.00%        |      12.50%     |
|      18      |         3.12%          |          0.00%           |  2.40%   |     16.67%     |  6.25%  | 0.00%  |  0.00%  | 0.00% |   3.12%    |   0.00%   |   0.00%   | 0.00% |         6.25%          |         6.25%          |      0.00%      |         2.34%         |       0.00%        |        0.00%        |        0.00%        |      6.25%      |
|      19      |         7.81%          |          0.00%           |  2.40%   |     16.67%     |  6.25%  | 2.50%  |  4.17%  | 0.00% |   3.12%    |   25.00%  |   0.00%   | 0.00% |         6.25%          |         6.25%          |      0.00%      |         0.00%         |       0.00%        |        0.00%        |        0.00%        |      6.25%      |
|              |                        |                          |          |                |         |        |         |       |            |           |           |       |                        |                        |                 |                       |                    |                     |                     |                 |
|   Average    |         4.96%          |          0.53%           |  3.65%   |     11.67%     |  11.56% | 3.06%  |  3.23%  | 0.42% |   6.72%    |   10.00%  |   0.00%   | 0.00% |         11.25%         |         5.62%          |      9.06%      |         4.38%         |       0.00%        |        0.00%        |        0.00%        |      16.56%     |
------------------------------------------------------------------------------------------------------------------------------------------------------------------------------------------------------------------------------------------------------------------------------------------------------------------------------------------------------------------


Allocated Resource Usage
----------------------------------------------------------------------------------------------------------------------------------------------------------------------------
|                              Table                              | Stage  | Crossbar | Hash | Gateways | RAMs | TCAMs | Map  | Action |  VLIW |  Exm   |  Exm   |  Tind  |
|                               Name                              | Number |  Bytes   | Bits |          |      |       | RAMs |  Data  | Slots | Search | Result | Result |
|                                                                 |        |          |      |          |      |       |      |  Bus   |       |  Bus   |  Bus   |  Bus   |
|                                                                 |        |          |      |          |      |       |      | Bytes  |       |        |        |        |
----------------------------------------------------------------------------------------------------------------------------------------------------------------------------
|                   IngressParser.$PORT_METADATA                  |   -1   |    0     |  0   |    0     |  0   |   0   |  0   |   0    |   0   |   0    |   0    |   0    |
|                  Ingress.ingress_port_to_nf_dev                 |   0    |    2     |  40  |    0     |  4   |   0   |  0   |   4    |   4   |   1    |   1    |   0    |
|                             cond-24                             |   0    |    1     |  0   |    1     |  0   |   0   |  0   |   0    |   0   |   1    |   0    |   0    |
|                             cond-25                             |   0    |    2     |  0   |    1     |  0   |   0   |  0   |   0    |   0   |   1    |   0    |   0    |
|                             cond-26                             |   0    |    2     |  0   |    1     |  0   |   0   |  0   |   0    |   0   |   1    |   0    |   0    |
|                             cond-27                             |   0    |    1     |  0   |    1     |  0   |   0   |  0   |   0    |   0   |   1    |   0    |   0    |
|                             cond-28                             |   0    |    1     |  0   |    1     |  0   |   0   |  0   |   0    |   0   |   1    |   0    |   0    |
|                             cond-29                             |   0    |    1     |  0   |    1     |  0   |   0   |  0   |   0    |   0   |   1    |   0    |   0    |
|                             cond-30                             |   0    |    1     |  0   |    1     |  0   |   0   |  0   |   0    |   0   |   1    |   0    |   0    |
|               tbl_hhhf40000c1000zipf0_2hmaxtput720              |   0    |    0     |  0   |    0     |  0   |   0   |  0   |   0    |   1   |   0    |   0    |   1    |
|               tbl_hhhf40000c1000zipf0_2hmaxtput937              |   0    |    0     |  0   |    0     |  0   |   0   |  0   |   0    |   1   |   0    |   0    |   1    |
|              Ingress.vector_table_1246077374464_157             |   1    |    4     |  40  |    0     |  4   |   0   |  0   |   7    |   2   |   1    |   1    |   0    |
|                             cond-31                             |   1    |    1     |  0   |    1     |  0   |   0   |  0   |   0    |   0   |   1    |   0    |   0    |
|              Ingress.vector_table_1252519837696_176             |   2    |    4     |  40  |    0     |  4   |   0   |  0   |   2    |   2   |   1    |   1    |   0    |
|              Ingress.vector_table_1252519837696_184             |   2    |    4     |  40  |    0     |  4   |   0   |  0   |   2    |   2   |   1    |   1    |   0    |
|                             cond-32                             |   2    |    4     |  0   |    1     |  0   |   0   |  0   |   0    |   0   |   1    |   0    |   0    |
|               tbl_hhhf40000c1000zipf0_2hmaxtput774              |   2    |    0     |  0   |    0     |  0   |   0   |  0   |   0    |   1   |   0    |   0    |   1    |
|              tbl_hhhf40000c1000zipf0_2hmaxtput780_0             |   2    |    0     |  0   |    0     |  0   |   0   |  0   |   0    |   1   |   0    |   0    |   1    |
|               tbl_hhhf40000c1000zipf0_2hmaxtput784              |   2    |    0     |  0   |    0     |  0   |   0   |  0   |   4    |   1   |   0    |   0    |   1    |
|               tbl_hhhf40000c1000zipf0_2hmaxtput788              |   2    |    0     |  0   |    0     |  0   |   0   |  0   |   0    |   1   |   0    |   0    |   1    |
|               tbl_hhhf40000c1000zipf0_2hmaxtput790              |   2    |    0     |  0   |    0     |  0   |   0   |  0   |   4    |   1   |   0    |   0    |   1    |
|             Ingress.vector_register_1249835474944_0             |   3    |    0     |  0   |    0     |  2   |   0   |  2   |   0    |   0   |   0    |   0    |   0    |
|                             cond-43                             |   3    |    4     |  0   |    1     |  0   |   0   |  0   |   0    |   0   |   1    |   0    |   0    |
|                             cond-44                             |   3    |    4     |  0   |    1     |  0   |   0   |  0   |   0    |   0   |   1    |   0    |   0    |
|                        tbl_hash_164_calc                        |   3    |    4     |  10  |    0     |  0   |   0   |  0   |   4    |   1   |   0    |   1    |   0    |
|                    tbl_hash_164_calc-gateway                    |   3    |    0     |  0   |    1     |  0   |   0   |  0   |   0    |   0   |   1    |   0    |   0    |
|               tbl_hhhf40000c1000zipf0_2hmaxtput780              |   3    |    0     |  0   |    0     |  0   |   0   |  0   |   0    |   1   |   0    |   0    |   1    |
|               tbl_hhhf40000c1000zipf0_2hmaxtput878              |   3    |    0     |  0   |    0     |  0   |   0   |  0   |   0    |   1   |   0    |   0    |   1    |
|               tbl_hhhf40000c1000zipf0_2hmaxtput884              |   3    |    0     |  0   |    0     |  0   |   0   |  0   |   0    |   1   |   0    |   0    |   1    |
|               tbl_hhhf40000c1000zipf0_2hmaxtput902              |   3    |    0     |  0   |    0     |  0   |   0   |  0   |   0    |   1   |   0    |   0    |   1    |
|               tbl_hhhf40000c1000zipf0_2hmaxtput908              |   3    |    0     |  0   |    0     |  0   |   0   |  0   |   0    |   1   |   0    |   0    |   1    |
|      tbl_regexec_vector_register_1249835474944_0_add_value      |   3    |    1     |  8   |    0     |  0   |   0   |  0   |   0    |   1   |   0    |   1    |   0    |
|  tbl_regexec_vector_register_1249835474944_0_add_value-gateway  |   3    |    0     |  0   |    1     |  0   |   0   |  0   |   0    |   0   |   1    |   0    |   0    |
|                      Ingress.forwarding_tbl                     |   4    |    7     |  0   |    0     |  1   |   2   |  0   |   6    |   4   |   0    |   0    |   1    |
|                  Ingress.forwarding_tbl$action                  |   4    |    0     |  0   |    0     |  1   |   0   |  0   |   0    |   0   |   0    |   0    |   0    |
|             Ingress.vector_register_1247687987200_0             |   4    |    0     |  0   |    0     |  17  |   0   |  17  |   0    |   0   |   0    |   0    |   0    |
|             Ingress.vector_register_1251982962688_0             |   4    |    8     |  0   |    0     |  2   |   0   |  2   |   0    |   0   |   0    |   0    |   0    |
|      tbl_regexec_vector_register_1247687987200_0_add_value      |   4    |    2     |  16  |    0     |  0   |   0   |  0   |   0    |   1   |   0    |   1    |   0    |
|  tbl_regexec_vector_register_1247687987200_0_add_value-gateway  |   4    |    0     |  0   |    1     |  0   |   0   |  0   |   0    |   0   |   1    |   0    |   0    |
|     tbl_regexec_vector_register_1251982962688_0_inc_or_swap     |   4    |    2     |  10  |    0     |  0   |   0   |  0   |   12   |   1   |   0    |   1    |   0    |
| tbl_regexec_vector_register_1251982962688_0_inc_or_swap-gateway |   4    |    0     |  0   |    1     |  0   |   0   |  0   |   0    |   0   |   1    |   0    |   0    |
|                             cond-33                             |   5    |    2     |  0   |    1     |  0   |   0   |  0   |   0    |   0   |   1    |   0    |   0    |
|                             cond-34                             |   5    |    2     |  0   |    1     |  0   |   0   |  0   |   0    |   0   |   1    |   0    |   0    |
|                             cond-45                             |   5    |    1     |  0   |    1     |  0   |   0   |  0   |   0    |   0   |   1    |   0    |   0    |
|                             cond-46                             |   5    |    1     |  0   |    1     |  0   |   0   |  0   |   0    |   0   |   1    |   0    |   0    |
|               tbl_hhhf40000c1000zipf0_2hmaxtput793              |   5    |    0     |  0   |    0     |  0   |   0   |  0   |   0    |   1   |   0    |   0    |   1    |
|               tbl_hhhf40000c1000zipf0_2hmaxtput796              |   5    |    0     |  0   |    0     |  0   |   0   |  0   |   0    |   1   |   0    |   0    |   1    |
|               tbl_hhhf40000c1000zipf0_2hmaxtput931              |   5    |    0     |  0   |    0     |  0   |   0   |  0   |   0    |   1   |   0    |   0    |   1    |
|               tbl_hhhf40000c1000zipf0_2hmaxtput934              |   5    |    0     |  0   |    0     |  0   |   0   |  0   |   0    |   1   |   0    |   0    |   1    |
|                        tbl_hash_166_calc                        |   6    |    4     |  10  |    0     |  0   |   0   |  0   |   4    |   1   |   0    |   1    |   0    |
|                    tbl_hash_166_calc-gateway                    |   6    |    0     |  0   |    1     |  0   |   0   |  0   |   0    |   0   |   1    |   0    |   0    |
|               tbl_hhhf40000c1000zipf0_2hmaxtput805              |   6    |    0     |  0   |    0     |  0   |   0   |  0   |   0    |   1   |   0    |   0    |   1    |
|             Ingress.vector_register_1248761733120_0             |   7    |    8     |  0   |    0     |  2   |   0   |  2   |   0    |   0   |   0    |   0    |   0    |
|     tbl_regexec_vector_register_1248761733120_0_inc_or_swap     |   7    |    2     |  10  |    0     |  0   |   0   |  0   |   12   |   1   |   0    |   1    |   0    |
| tbl_regexec_vector_register_1248761733120_0_inc_or_swap-gateway |   7    |    0     |  0   |    1     |  0   |   0   |  0   |   0    |   0   |   1    |   0    |   0    |
|                             cond-35                             |   8    |    2     |  0   |    1     |  0   |   0   |  0   |   0    |   0   |   1    |   0    |   0    |
|                             cond-36                             |   8    |    2     |  0   |    1     |  0   |   0   |  0   |   0    |   0   |   1    |   0    |   0    |
|               tbl_hhhf40000c1000zipf0_2hmaxtput808              |   8    |    0     |  0   |    0     |  0   |   0   |  0   |   0    |   1   |   0    |   0    |   1    |
|               tbl_hhhf40000c1000zipf0_2hmaxtput811              |   8    |    0     |  0   |    0     |  0   |   0   |  0   |   0    |   1   |   0    |   0    |   1    |
|                        tbl_hash_168_calc                        |   9    |    4     |  10  |    0     |  0   |   0   |  0   |   5    |   1   |   0    |   1    |   0    |
|                    tbl_hash_168_calc-gateway                    |   9    |    0     |  0   |    1     |  0   |   0   |  0   |   0    |   0   |   1    |   0    |   0    |
|               tbl_hhhf40000c1000zipf0_2hmaxtput820              |   9    |    0     |  0   |    0     |  0   |   0   |  0   |   0    |   1   |   0    |   0    |   1    |
|             Ingress.vector_register_1246614245376_0             |   10   |    8     |  0   |    0     |  2   |   0   |  2   |   0    |   0   |   0    |   0    |   0    |
|     tbl_regexec_vector_register_1246614245376_0_inc_or_swap     |   10   |    2     |  10  |    0     |  0   |   0   |  0   |   12   |   1   |   0    |   1    |   0    |
| tbl_regexec_vector_register_1246614245376_0_inc_or_swap-gateway |   10   |    0     |  0   |    1     |  0   |   0   |  0   |   0    |   0   |   1    |   0    |   0    |
|                             cond-37                             |   11   |    2     |  0   |    1     |  0   |   0   |  0   |   0    |   0   |   1    |   0    |   0    |
|                             cond-38                             |   11   |    2     |  0   |    1     |  0   |   0   |  0   |   0    |   0   |   1    |   0    |   0    |
|               tbl_hhhf40000c1000zipf0_2hmaxtput823              |   11   |    0     |  0   |    0     |  0   |   0   |  0   |   0    |   1   |   0    |   0    |   1    |
|               tbl_hhhf40000c1000zipf0_2hmaxtput826              |   11   |    0     |  0   |    0     |  0   |   0   |  0   |   0    |   1   |   0    |   0    |   1    |
|                        tbl_hash_170_calc                        |   12   |    4     |  10  |    0     |  0   |   0   |  0   |   5    |   1   |   0    |   1    |   0    |
|                    tbl_hash_170_calc-gateway                    |   12   |    0     |  0   |    1     |  0   |   0   |  0   |   0    |   0   |   1    |   0    |   0    |
|               tbl_hhhf40000c1000zipf0_2hmaxtput835              |   12   |    0     |  0   |    0     |  0   |   0   |  0   |   0    |   1   |   0    |   0    |   1    |
|             Ingress.vector_register_1253056708608_0             |   13   |    8     |  0   |    0     |  2   |   0   |  2   |   0    |   0   |   0    |   0    |   0    |
|     tbl_regexec_vector_register_1253056708608_0_inc_or_swap     |   13   |    2     |  10  |    0     |  0   |   0   |  0   |   12   |   1   |   0    |   1    |   0    |
| tbl_regexec_vector_register_1253056708608_0_inc_or_swap-gateway |   13   |    0     |  0   |    1     |  0   |   0   |  0   |   0    |   0   |   1    |   0    |   0    |
|                             cond-39                             |   14   |    2     |  0   |    1     |  0   |   0   |  0   |   0    |   0   |   1    |   0    |   0    |
|                             cond-40                             |   14   |    2     |  0   |    1     |  0   |   0   |  0   |   0    |   0   |   1    |   0    |   0    |
|               tbl_hhhf40000c1000zipf0_2hmaxtput838              |   14   |    0     |  0   |    0     |  0   |   0   |  0   |   0    |   1   |   0    |   0    |   1    |
|               tbl_hhhf40000c1000zipf0_2hmaxtput841              |   14   |    0     |  0   |    0     |  0   |   0   |  0   |   0    |   1   |   0    |   0    |   1    |
|                        tbl_hash_172_calc                        |   15   |    4     |  10  |    0     |  0   |   0   |  0   |   2    |   1   |   0    |   1    |   0    |
|                    tbl_hash_172_calc-gateway                    |   15   |    0     |  0   |    1     |  0   |   0   |  0   |   0    |   0   |   1    |   0    |   0    |
|               tbl_hhhf40000c1000zipf0_2hmaxtput850              |   15   |    0     |  0   |    0     |  0   |   0   |  0   |   0    |   1   |   0    |   0    |   1    |
|             Ingress.vector_register_1250909220864_0             |   16   |    8     |  0   |    0     |  2   |   0   |  2   |   0    |   0   |   0    |   0    |   0    |
|     tbl_regexec_vector_register_1250909220864_0_inc_or_swap     |   16   |    2     |  10  |    0     |  0   |   0   |  0   |   12   |   1   |   0    |   1    |   0    |
| tbl_regexec_vector_register_1250909220864_0_inc_or_swap-gateway |   16   |    0     |  0   |    1     |  0   |   0   |  0   |   0    |   0   |   1    |   0    |   0    |
|                             cond-41                             |   17   |    2     |  0   |    1     |  0   |   0   |  0   |   0    |   0   |   1    |   0    |   0    |
|                             cond-42                             |   17   |    2     |  0   |    1     |  0   |   0   |  0   |   0    |   0   |   1    |   0    |   0    |
|               tbl_hhhf40000c1000zipf0_2hmaxtput853              |   17   |    0     |  0   |    0     |  0   |   0   |  0   |   0    |   1   |   0    |   0    |   1    |
|               tbl_hhhf40000c1000zipf0_2hmaxtput856              |   17   |    0     |  0   |    0     |  0   |   0   |  0   |   0    |   1   |   0    |   0    |   1    |
|                        tbl_hash_174_calc                        |   18   |    4     |  10  |    0     |  0   |   0   |  0   |   3    |   1   |   0    |   1    |   0    |
|                    tbl_hash_174_calc-gateway                    |   18   |    0     |  0   |    1     |  0   |   0   |  0   |   0    |   0   |   1    |   0    |   0    |
|             Ingress.vector_register_1248224862208_0             |   19   |    8     |  0   |    0     |  2   |   0   |  2   |   0    |   0   |   0    |   0    |   0    |
|     tbl_regexec_vector_register_1248224862208_0_inc_or_swap     |   19   |    2     |  10  |    0     |  0   |   0   |  0   |   0    |   1   |   0    |   1    |   0    |
| tbl_regexec_vector_register_1248224862208_0_inc_or_swap-gateway |   19   |    0     |  0   |    1     |  0   |   0   |  0   |   0    |   0   |   1    |   0    |   0    |
----------------------------------------------------------------------------------------------------------------------------------------------------------------------------

