+---------------------------------------------------------------------+
|  Log file: mau.resources.log                                        |
|  Compiler version: 9.13.4                                           |
|  Created on: Tue Sep 22 13:51:35 2026                               |
|  Run ID: 44206aae73674b01                                           |
+---------------------------------------------------------------------+


---------------------------------------------------------------------------------------------------------------------------------------------------------------------------------------------------------------------------------------------------------------------------------------------------------------------------------------------------------------
| Stage Number | Exact Match Input xbar | Ternary Match Input xbar | Hash Bit | Hash Dist Unit | Gateway | SRAM | Map RAM | TCAM | VLIW Instr | Meter ALU | Stats ALU | Stash | Exact Match Search Bus | Exact Match Result Bus | Tind Result Bus | Action Data Bus Bytes | 8-bit Action Slots | 16-bit Action Slots | 32-bit Action Slots | Logical TableID |
---------------------------------------------------------------------------------------------------------------------------------------------------------------------------------------------------------------------------------------------------------------------------------------------------------------------------------------------------------------
|      0       |           5            |            0             |    40    |       0        |    6    |  4   |    0    |  0   |     3      |     0     |     0     |   0   |           6            |           1            |        2        |           4           |         0          |          0          |          0          |        8        |
|      1       |           4            |            0             |    0     |       0        |    3    |  0   |    0    |  0   |     3      |     0     |     0     |   0   |           3            |           0            |        4        |           0           |         0          |          0          |          0          |        4        |
|      2       |           4            |            0             |    12    |       1        |    1    |  0   |    0    |  0   |     3      |     0     |     0     |   0   |           1            |           1            |        3        |           2           |         0          |          0          |          0          |        4        |
|      3       |           15           |            0             |    56    |       4        |    4    |  2   |    2    |  0   |     3      |     1     |     0     |   0   |           2            |           4            |        1        |           12          |         0          |          0          |          0          |        4        |
|      4       |           11           |            0             |    24    |       2        |    3    |  2   |    2    |  0   |     2      |     1     |     0     |   0   |           2            |           3            |        1        |           7           |         0          |          0          |          0          |        3        |
|      5       |           8            |            0             |    12    |       1        |    2    |  2   |    2    |  0   |     2      |     1     |     0     |   0   |           1            |           2            |        2        |           4           |         0          |          0          |          0          |        3        |
|      6       |           16           |            0             |    24    |       2        |    2    |  2   |    2    |  0   |     2      |     1     |     0     |   0   |           2            |           2            |        3        |           4           |         0          |          0          |          0          |        3        |
|      7       |           9            |            0             |    24    |       2        |    2    |  2   |    2    |  0   |     2      |     1     |     0     |   0   |           1            |           2            |        1        |           5           |         0          |          0          |          0          |        2        |
|      8       |           10           |            0             |    24    |       2        |    2    |  2   |    2    |  0   |     3      |     1     |     0     |   0   |           1            |           2            |        2        |           4           |         0          |          0          |          0          |        3        |
|      9       |           3            |            0             |    0     |       0        |    1    |  0   |    0    |  0   |     2      |     0     |     0     |   0   |           1            |           0            |        2        |           0           |         0          |          0          |          0          |        2        |
|      10      |           8            |            0             |    32    |       2        |    8    |  9   |    9    |  0   |     3      |     1     |     0     |   0   |           7            |           5            |        5        |           2           |         0          |          0          |          0          |        8        |
|      11      |           10           |            0             |    48    |       3        |    3    |  9   |    9    |  0   |     2      |     1     |     0     |   0   |           2            |           3            |        0        |           1           |         0          |          0          |          0          |        3        |
|      12      |           2            |            0             |    0     |       0        |    2    |  0   |    0    |  0   |     2      |     0     |     0     |   0   |           2            |           0            |        2        |           0           |         0          |          0          |          0          |        2        |
|      13      |           2            |            0             |    0     |       0        |    2    |  0   |    0    |  0   |     2      |     0     |     0     |   0   |           2            |           0            |        2        |           0           |         0          |          0          |          0          |        3        |
|      14      |           5            |            0             |    16    |       1        |    6    |  0   |    0    |  0   |     8      |     0     |     0     |   0   |           5            |           2            |        13       |           4           |         0          |          0          |          0          |        16       |
|      15      |           0            |            7             |    0     |       0        |    0    |  2   |    0    |  2   |     4      |     0     |     0     |   0   |           0            |           0            |        1        |           8           |         0          |          0          |          0          |        1        |
|      16      |           1            |            0             |    0     |       0        |    1    |  0   |    0    |  0   |     1      |     0     |     0     |   0   |           1            |           0            |        1        |           0           |         0          |          0          |          0          |        1        |
|      17      |           1            |            0             |    0     |       0        |    1    |  0   |    0    |  0   |     1      |     0     |     0     |   0   |           1            |           0            |        1        |           0           |         0          |          0          |          0          |        1        |
|      18      |           0            |            0             |    0     |       0        |    0    |  0   |    0    |  0   |     0      |     0     |     0     |   0   |           0            |           0            |        0        |           0           |         0          |          0          |          0          |        0        |
|      19      |           0            |            0             |    0     |       0        |    0    |  0   |    0    |  0   |     0      |     0     |     0     |   0   |           0            |           0            |        0        |           0           |         0          |          0          |          0          |        0        |
|              |                        |                          |          |                |         |      |         |      |            |           |           |       |                        |                        |                 |                       |                    |                     |                     |                 |
|    Totals    |          114           |            7             |   312    |       20       |    49   |  36  |    30   |  2   |     48     |     8     |     0     |   0   |           40           |           27           |        46       |           57          |         0          |          0          |          0          |        71       |
---------------------------------------------------------------------------------------------------------------------------------------------------------------------------------------------------------------------------------------------------------------------------------------------------------------------------------------------------------------


------------------------------------------------------------------------------------------------------------------------------------------------------------------------------------------------------------------------------------------------------------------------------------------------------------------------------------------------------------------
| Stage Number | Exact Match Input xbar | Ternary Match Input xbar | Hash Bit | Hash Dist Unit | Gateway |  SRAM  | Map RAM |  TCAM | VLIW Instr | Meter ALU | Stats ALU | Stash | Exact Match Search Bus | Exact Match Result Bus | Tind Result Bus | Action Data Bus Bytes | 8-bit Action Slots | 16-bit Action Slots | 32-bit Action Slots | Logical TableID |
------------------------------------------------------------------------------------------------------------------------------------------------------------------------------------------------------------------------------------------------------------------------------------------------------------------------------------------------------------------
|      0       |         3.91%          |          0.00%           |  9.62%   |     0.00%      |  37.50% | 5.00%  |  0.00%  | 0.00% |   9.38%    |   0.00%   |   0.00%   | 0.00% |         37.50%         |         6.25%          |      12.50%     |         3.12%         |       0.00%        |        0.00%        |        0.00%        |      50.00%     |
|      1       |         3.12%          |          0.00%           |  0.00%   |     0.00%      |  18.75% | 0.00%  |  0.00%  | 0.00% |   9.38%    |   0.00%   |   0.00%   | 0.00% |         18.75%         |         0.00%          |      25.00%     |         0.00%         |       0.00%        |        0.00%        |        0.00%        |      25.00%     |
|      2       |         3.12%          |          0.00%           |  2.88%   |     16.67%     |  6.25%  | 0.00%  |  0.00%  | 0.00% |   9.38%    |   0.00%   |   0.00%   | 0.00% |         6.25%          |         6.25%          |      18.75%     |         1.56%         |       0.00%        |        0.00%        |        0.00%        |      25.00%     |
|      3       |         11.72%         |          0.00%           |  13.46%  |     66.67%     |  25.00% | 2.50%  |  4.17%  | 0.00% |   9.38%    |   25.00%  |   0.00%   | 0.00% |         12.50%         |         25.00%         |      6.25%      |         9.38%         |       0.00%        |        0.00%        |        0.00%        |      25.00%     |
|      4       |         8.59%          |          0.00%           |  5.77%   |     33.33%     |  18.75% | 2.50%  |  4.17%  | 0.00% |   6.25%    |   25.00%  |   0.00%   | 0.00% |         12.50%         |         18.75%         |      6.25%      |         5.47%         |       0.00%        |        0.00%        |        0.00%        |      18.75%     |
|      5       |         6.25%          |          0.00%           |  2.88%   |     16.67%     |  12.50% | 2.50%  |  4.17%  | 0.00% |   6.25%    |   25.00%  |   0.00%   | 0.00% |         6.25%          |         12.50%         |      12.50%     |         3.12%         |       0.00%        |        0.00%        |        0.00%        |      18.75%     |
|      6       |         12.50%         |          0.00%           |  5.77%   |     33.33%     |  12.50% | 2.50%  |  4.17%  | 0.00% |   6.25%    |   25.00%  |   0.00%   | 0.00% |         12.50%         |         12.50%         |      18.75%     |         3.12%         |       0.00%        |        0.00%        |        0.00%        |      18.75%     |
|      7       |         7.03%          |          0.00%           |  5.77%   |     33.33%     |  12.50% | 2.50%  |  4.17%  | 0.00% |   6.25%    |   25.00%  |   0.00%   | 0.00% |         6.25%          |         12.50%         |      6.25%      |         3.91%         |       0.00%        |        0.00%        |        0.00%        |      12.50%     |
|      8       |         7.81%          |          0.00%           |  5.77%   |     33.33%     |  12.50% | 2.50%  |  4.17%  | 0.00% |   9.38%    |   25.00%  |   0.00%   | 0.00% |         6.25%          |         12.50%         |      12.50%     |         3.12%         |       0.00%        |        0.00%        |        0.00%        |      18.75%     |
|      9       |         2.34%          |          0.00%           |  0.00%   |     0.00%      |  6.25%  | 0.00%  |  0.00%  | 0.00% |   6.25%    |   0.00%   |   0.00%   | 0.00% |         6.25%          |         0.00%          |      12.50%     |         0.00%         |       0.00%        |        0.00%        |        0.00%        |      12.50%     |
|      10      |         6.25%          |          0.00%           |  7.69%   |     33.33%     |  50.00% | 11.25% |  18.75% | 0.00% |   9.38%    |   25.00%  |   0.00%   | 0.00% |         43.75%         |         31.25%         |      31.25%     |         1.56%         |       0.00%        |        0.00%        |        0.00%        |      50.00%     |
|      11      |         7.81%          |          0.00%           |  11.54%  |     50.00%     |  18.75% | 11.25% |  18.75% | 0.00% |   6.25%    |   25.00%  |   0.00%   | 0.00% |         12.50%         |         18.75%         |      0.00%      |         0.78%         |       0.00%        |        0.00%        |        0.00%        |      18.75%     |
|      12      |         1.56%          |          0.00%           |  0.00%   |     0.00%      |  12.50% | 0.00%  |  0.00%  | 0.00% |   6.25%    |   0.00%   |   0.00%   | 0.00% |         12.50%         |         0.00%          |      12.50%     |         0.00%         |       0.00%        |        0.00%        |        0.00%        |      12.50%     |
|      13      |         1.56%          |          0.00%           |  0.00%   |     0.00%      |  12.50% | 0.00%  |  0.00%  | 0.00% |   6.25%    |   0.00%   |   0.00%   | 0.00% |         12.50%         |         0.00%          |      12.50%     |         0.00%         |       0.00%        |        0.00%        |        0.00%        |      18.75%     |
|      14      |         3.91%          |          0.00%           |  3.85%   |     16.67%     |  37.50% | 0.00%  |  0.00%  | 0.00% |   25.00%   |   0.00%   |   0.00%   | 0.00% |         31.25%         |         12.50%         |      81.25%     |         3.12%         |       0.00%        |        0.00%        |        0.00%        |     100.00%     |
|      15      |         0.00%          |          10.61%          |  0.00%   |     0.00%      |  0.00%  | 2.50%  |  0.00%  | 8.33% |   12.50%   |   0.00%   |   0.00%   | 0.00% |         0.00%          |         0.00%          |      6.25%      |         6.25%         |       0.00%        |        0.00%        |        0.00%        |      6.25%      |
|      16      |         0.78%          |          0.00%           |  0.00%   |     0.00%      |  6.25%  | 0.00%  |  0.00%  | 0.00% |   3.12%    |   0.00%   |   0.00%   | 0.00% |         6.25%          |         0.00%          |      6.25%      |         0.00%         |       0.00%        |        0.00%        |        0.00%        |      6.25%      |
|      17      |         0.78%          |          0.00%           |  0.00%   |     0.00%      |  6.25%  | 0.00%  |  0.00%  | 0.00% |   3.12%    |   0.00%   |   0.00%   | 0.00% |         6.25%          |         0.00%          |      6.25%      |         0.00%         |       0.00%        |        0.00%        |        0.00%        |      6.25%      |
|      18      |         0.00%          |          0.00%           |  0.00%   |     0.00%      |  0.00%  | 0.00%  |  0.00%  | 0.00% |   0.00%    |   0.00%   |   0.00%   | 0.00% |         0.00%          |         0.00%          |      0.00%      |         0.00%         |       0.00%        |        0.00%        |        0.00%        |      0.00%      |
|      19      |         0.00%          |          0.00%           |  0.00%   |     0.00%      |  0.00%  | 0.00%  |  0.00%  | 0.00% |   0.00%    |   0.00%   |   0.00%   | 0.00% |         0.00%          |         0.00%          |      0.00%      |         0.00%         |       0.00%        |        0.00%        |        0.00%        |      0.00%      |
|              |                        |                          |          |                |         |        |         |       |            |           |           |       |                        |                        |                 |                       |                    |                     |                     |                 |
|   Average    |         4.95%          |          0.59%           |  4.17%   |     18.52%     |  17.01% | 2.50%  |  3.47%  | 0.46% |   8.33%    |   11.11%  |   0.00%   | 0.00% |         13.89%         |         9.38%          |      15.97%     |         2.47%         |       0.00%        |        0.00%        |        0.00%        |      24.65%     |
------------------------------------------------------------------------------------------------------------------------------------------------------------------------------------------------------------------------------------------------------------------------------------------------------------------------------------------------------------------


Allocated Resource Usage
---------------------------------------------------------------------------------------------------------------------------------------------------------------
|                       Table                        | Stage  | Crossbar | Hash | Gateways | RAMs | TCAMs | Map  | Action |  VLIW |  Exm   |  Exm   |  Tind  |
|                        Name                        | Number |  Bytes   | Bits |          |      |       | RAMs |  Data  | Slots | Search | Result | Result |
|                                                    |        |          |      |          |      |       |      |  Bus   |       |  Bus   |  Bus   |  Bus   |
|                                                    |        |          |      |          |      |       |      | Bytes  |       |        |        |        |
---------------------------------------------------------------------------------------------------------------------------------------------------------------
|            IngressParser.$PORT_METADATA            |   -1   |    0     |  0   |    0     |  0   |   0   |  0   |   0    |   0   |   0    |   0    |   0    |
|           Ingress.ingress_port_to_nf_dev           |   0    |    2     |  40  |    0     |  4   |   0   |  0   |   4    |   4   |   1    |   1    |   0    |
|                      cond-35                       |   0    |    2     |  0   |    1     |  0   |   0   |  0   |   0    |   0   |   1    |   0    |   0    |
|                      cond-36                       |   0    |    1     |  0   |    1     |  0   |   0   |  0   |   0    |   0   |   1    |   0    |   0    |
|                      cond-37                       |   0    |    1     |  0   |    1     |  0   |   0   |  0   |   0    |   0   |   1    |   0    |   0    |
|                      cond-38                       |   0    |    1     |  0   |    1     |  0   |   0   |  0   |   0    |   0   |   1    |   0    |   0    |
|                      cond-39                       |   0    |    1     |  0   |    1     |  0   |   0   |  0   |   0    |   0   |   1    |   0    |   0    |
|                      cond-40                       |   0    |    1     |  0   |    1     |  0   |   0   |  0   |   0    |   0   |   1    |   0    |   0    |
|      tbl_kvsf40000c1000000zipf1_2hmaxtput768       |   0    |    0     |  0   |    0     |  0   |   0   |  0   |   0    |   1   |   0    |   0    |   1    |
|      tbl_kvsf40000c1000000zipf1_2hmaxtput925       |   0    |    0     |  0   |    0     |  0   |   0   |  0   |   0    |   1   |   0    |   0    |   1    |
|                      cond-41                       |   1    |    2     |  0   |    1     |  0   |   0   |  0   |   0    |   0   |   1    |   0    |   0    |
|                      cond-42                       |   1    |    1     |  0   |    1     |  0   |   0   |  0   |   0    |   0   |   1    |   0    |   0    |
|                      cond-43                       |   1    |    1     |  0   |    1     |  0   |   0   |  0   |   0    |   0   |   1    |   0    |   0    |
|                tbl_build_cuckoo_hdr                |   1    |    0     |  0   |    0     |  0   |   0   |  0   |   0    |   1   |   0    |   0    |   1    |
|      tbl_kvsf40000c1000000zipf1_2hmaxtput808       |   1    |    0     |  0   |    0     |  0   |   0   |  0   |   0    |   1   |   0    |   0    |   1    |
|      tbl_kvsf40000c1000000zipf1_2hmaxtput810       |   1    |    0     |  0   |    0     |  0   |   0   |  0   |   0    |   1   |   0    |   0    |   1    |
|      tbl_kvsf40000c1000000zipf1_2hmaxtput896       |   1    |    0     |  0   |    0     |  0   |   0   |  0   |   0    |   1   |   0    |   0    |   1    |
|       tbl_cuckoo_hash_table_calc_cuckoo_hash       |   2    |    4     |  12  |    0     |  0   |   0   |  0   |   2    |   1   |   0    |   1    |   0    |
|   tbl_cuckoo_hash_table_calc_cuckoo_hash-gateway   |   2    |    0     |  0   |    1     |  0   |   0   |  0   |   0    |   0   |   1    |   0    |   0    |
|      tbl_kvsf40000c1000000zipf1_2hmaxtput428       |   2    |    0     |  0   |    0     |  0   |   0   |  0   |   0    |   1   |   0    |   0    |   1    |
|      tbl_kvsf40000c1000000zipf1_2hmaxtput434       |   2    |    0     |  0   |    0     |  0   |   0   |  0   |   0    |   1   |   0    |   0    |   1    |
|     tbl_kvsf40000c1000000zipf1_2hmaxtput896_0      |   2    |    0     |  0   |    0     |  0   |   0   |  0   |   0    |   1   |   0    |   0    |   1    |
|         Ingress.cuckoo_hash_table.reg_k_1          |   3    |    4     |  0   |    0     |  2   |   0   |  2   |   0    |   0   |   0    |   0    |   0    |
|                      cond-44                       |   3    |    1     |  0   |    1     |  0   |   0   |  0   |   0    |   0   |   1    |   0    |   1    |
|                      tbl_act                       |   3    |    0     |  0   |    0     |  0   |   0   |  0   |   5    |   1   |   0    |   1    |   0    |
|                  tbl_act-gateway                   |   3    |    0     |  0   |    1     |  0   |   0   |  0   |   0    |   0   |   1    |   0    |   0    |
|      tbl_cuckoo_hash_table_calc_cuckoo_hash_0      |   3    |    4     |  12  |    0     |  0   |   0   |  0   |   3    |   1   |   0    |   1    |   0    |
|  tbl_cuckoo_hash_table_calc_cuckoo_hash_0-gateway  |   3    |    0     |  0   |    1     |  0   |   0   |  0   |   0    |   0   |   1    |   0    |   0    |
|      tbl_kvsf40000c1000000zipf1_2hmaxtput456       |   3    |    2     |  12  |    0     |  0   |   0   |  0   |   5    |   1   |   0    |   1    |   0    |
|      tbl_kvsf40000c1000000zipf1_2hmaxtput542       |   3    |    8     |  32  |    0     |  0   |   0   |  0   |   4    |   1   |   0    |   1    |   0    |
|  tbl_kvsf40000c1000000zipf1_2hmaxtput542-gateway   |   3    |    0     |  0   |    1     |  0   |   0   |  0   |   0    |   0   |   1    |   0    |   0    |
|         Ingress.cuckoo_hash_table.reg_ts_1         |   4    |    4     |  0   |    0     |  2   |   0   |  2   |   0    |   0   |   0    |   0    |   0    |
|                      cond-45                       |   4    |    1     |  0   |    1     |  0   |   0   |  0   |   0    |   0   |   1    |   0    |   1    |
|                     tbl_act_0                      |   4    |    0     |  0   |    0     |  0   |   0   |  0   |   5    |   1   |   0    |   1    |   0    |
|     tbl_cuckoo_hash_table_calc_cuckoo_hash_2_r     |   4    |    4     |  12  |    0     |  0   |   0   |  0   |   2    |   1   |   0    |   1    |   0    |
| tbl_cuckoo_hash_table_calc_cuckoo_hash_2_r-gateway |   4    |    0     |  0   |    1     |  0   |   0   |  0   |   0    |   0   |   1    |   0    |   0    |
|      tbl_kvsf40000c1000000zipf1_2hmaxtput457       |   4    |    2     |  12  |    0     |  0   |   0   |  0   |   5    |   1   |   0    |   1    |   0    |
|  tbl_kvsf40000c1000000zipf1_2hmaxtput457-gateway   |   4    |    0     |  0   |    1     |  0   |   0   |  0   |   0    |   0   |   1    |   0    |   0    |
|         Ingress.cuckoo_hash_table.reg_v_1          |   5    |    5     |  0   |    0     |  2   |   0   |  2   |   0    |   0   |   0    |   0    |   0    |
|                      cond-46                       |   5    |    1     |  0   |    1     |  0   |   0   |  0   |   0    |   0   |   1    |   0    |   1    |
|           tbl_cuckoo_hash_table_ts_diff            |   5    |    0     |  0   |    0     |  0   |   0   |  0   |   0    |   1   |   0    |   0    |   1    |
|      tbl_kvsf40000c1000000zipf1_2hmaxtput441       |   5    |    0     |  0   |    0     |  0   |   0   |  0   |   4    |   1   |   0    |   1    |   0    |
|      tbl_kvsf40000c1000000zipf1_2hmaxtput458       |   5    |    2     |  12  |    0     |  0   |   0   |  0   |   4    |   1   |   0    |   1    |   0    |
|  tbl_kvsf40000c1000000zipf1_2hmaxtput458-gateway   |   5    |    0     |  0   |    1     |  0   |   0   |  0   |   0    |   0   |   1    |   0    |   0    |
|         Ingress.cuckoo_hash_table.reg_k_2          |   6    |    8     |  0   |    0     |  2   |   0   |  2   |   0    |   0   |   0    |   0    |   0    |
|                      cond-47                       |   6    |    1     |  0   |    1     |  0   |   0   |  0   |   0    |   0   |   1    |   0    |   1    |
|                      cond-50                       |   6    |    3     |  0   |    1     |  0   |   0   |  0   |   0    |   0   |   1    |   0    |   1    |
|                     tbl_act_1                      |   6    |    2     |  12  |    0     |  0   |   0   |  0   |   4    |   1   |   0    |   1    |   0    |
|      tbl_kvsf40000c1000000zipf1_2hmaxtput468       |   6    |    2     |  12  |    0     |  0   |   0   |  0   |   4    |   1   |   0    |   1    |   0    |
|      tbl_kvsf40000c1000000zipf1_2hmaxtput485       |   6    |    0     |  0   |    0     |  0   |   0   |  0   |   0    |   1   |   0    |   0    |   1    |
|         Ingress.cuckoo_hash_table.reg_ts_2         |   7    |    4     |  0   |    0     |  2   |   0   |  2   |   0    |   0   |   0    |   0    |   0    |
|                      cond-48                       |   7    |    1     |  0   |    1     |  0   |   0   |  0   |   0    |   0   |   1    |   0    |   1    |
|                     tbl_act_2                      |   7    |    2     |  12  |    0     |  0   |   0   |  0   |   5    |   1   |   0    |   1    |   0    |
|      tbl_kvsf40000c1000000zipf1_2hmaxtput472       |   7    |    2     |  12  |    0     |  0   |   0   |  0   |   5    |   1   |   0    |   1    |   0    |
|  tbl_kvsf40000c1000000zipf1_2hmaxtput472-gateway   |   7    |    0     |  0   |    1     |  0   |   0   |  0   |   0    |   0   |   1    |   0    |   0    |
|         Ingress.cuckoo_hash_table.reg_v_2          |   8    |    5     |  0   |    0     |  2   |   0   |  2   |   0    |   0   |   0    |   0    |   0    |
|                      cond-49                       |   8    |    1     |  0   |    1     |  0   |   0   |  0   |   0    |   0   |   1    |   0    |   1    |
|          tbl_cuckoo_hash_table_ts_diff_0           |   8    |    0     |  0   |    0     |  0   |   0   |  0   |   0    |   1   |   0    |   0    |   1    |
|      tbl_kvsf40000c1000000zipf1_2hmaxtput449       |   8    |    2     |  12  |    0     |  0   |   0   |  0   |   4    |   1   |   0    |   1    |   0    |
|      tbl_kvsf40000c1000000zipf1_2hmaxtput473       |   8    |    2     |  12  |    0     |  0   |   0   |  0   |   4    |   1   |   0    |   1    |   0    |
|  tbl_kvsf40000c1000000zipf1_2hmaxtput473-gateway   |   8    |    0     |  0   |    1     |  0   |   0   |  0   |   0    |   0   |   1    |   0    |   0    |
|                      cond-51                       |   9    |    3     |  0   |    1     |  0   |   0   |  0   |   0    |   0   |   1    |   0    |   0    |
|      tbl_kvsf40000c1000000zipf1_2hmaxtput479       |   9    |    0     |  0   |    0     |  0   |   0   |  0   |   0    |   1   |   0    |   0    |   1    |
|      tbl_kvsf40000c1000000zipf1_2hmaxtput481       |   9    |    0     |  0   |    0     |  0   |   0   |  0   |   0    |   1   |   0    |   0    |   1    |
|   Ingress.cuckoo_bloom_filter.swapped_transient    |   10   |    0     |  0   |    0     |  9   |   0   |  9   |   0    |   0   |   0    |   0    |   0    |
|                      cond-52                       |   10   |    1     |  0   |    1     |  0   |   0   |  0   |   0    |   0   |   1    |   0    |   0    |
|                      cond-53                       |   10   |    1     |  0   |    1     |  0   |   0   |  0   |   0    |   0   |   1    |   0    |   1    |
|                      cond-54                       |   10   |    1     |  0   |    1     |  0   |   0   |  0   |   0    |   0   |   1    |   0    |   1    |
|                      cond-56                       |   10   |    1     |  0   |    1     |  0   |   0   |  0   |   0    |   0   |   1    |   0    |   0    |
|                      cond-57                       |   10   |    1     |  0   |    1     |  0   |   0   |  0   |   0    |   0   |   1    |   0    |   1    |
|                      cond-59                       |   10   |    1     |  0   |    1     |  0   |   0   |  0   |   0    |   0   |   1    |   0    |   1    |
|                      cond-60                       |   10   |    1     |  0   |    1     |  0   |   0   |  0   |   0    |   0   |   1    |   0    |   0    |
|      tbl_kvsf40000c1000000zipf1_2hmaxtput547       |   10   |    0     |  0   |    0     |  0   |   0   |  0   |   2    |   1   |   0    |   1    |   0    |
|      tbl_kvsf40000c1000000zipf1_2hmaxtput550       |   10   |    2     |  16  |    0     |  0   |   0   |  0   |   2    |   1   |   0    |   1    |   0    |
|      tbl_kvsf40000c1000000zipf1_2hmaxtput558       |   10   |    0     |  0   |    0     |  0   |   0   |  0   |   2    |   1   |   0    |   1    |   0    |
|  tbl_kvsf40000c1000000zipf1_2hmaxtput558-gateway   |   10   |    0     |  0   |    1     |  0   |   0   |  0   |   0    |   0   |   1    |   0    |   0    |
|      tbl_kvsf40000c1000000zipf1_2hmaxtput561       |   10   |    2     |  16  |    0     |  0   |   0   |  0   |   2    |   1   |   0    |   1    |   0    |
|      tbl_kvsf40000c1000000zipf1_2hmaxtput569       |   10   |    0     |  0   |    0     |  0   |   0   |  0   |   2    |   1   |   0    |   1    |   0    |
|      tbl_kvsf40000c1000000zipf1_2hmaxtput571       |   10   |    0     |  0   |    0     |  0   |   0   |  0   |   0    |   1   |   0    |   0    |   1    |
|     Ingress.cuckoo_bloom_filter.swap_transient     |   11   |    2     |  0   |    0     |  9   |   0   |  9   |   0    |   0   |   0    |   0    |   0    |
|                     tbl_act_3                      |   11   |    2     |  16  |    0     |  0   |   0   |  0   |   1    |   1   |   0    |   1    |   0    |
|                 tbl_act_3-gateway                  |   11   |    0     |  0   |    1     |  0   |   0   |  0   |   0    |   0   |   1    |   0    |   0    |
|      tbl_kvsf40000c1000000zipf1_2hmaxtput562       |   11   |    2     |  16  |    0     |  0   |   0   |  0   |   1    |   1   |   0    |   1    |   0    |
|  tbl_kvsf40000c1000000zipf1_2hmaxtput562-gateway   |   11   |    0     |  0   |    1     |  0   |   0   |  0   |   0    |   0   |   1    |   0    |   0    |
|      tbl_kvsf40000c1000000zipf1_2hmaxtput573       |   11   |    4     |  16  |    0     |  0   |   0   |  0   |   1    |   1   |   0    |   1    |   0    |
|  tbl_kvsf40000c1000000zipf1_2hmaxtput573-gateway   |   11   |    0     |  0   |    1     |  0   |   0   |  0   |   0    |   0   |   1    |   0    |   0    |
|                      cond-55                       |   12   |    1     |  0   |    1     |  0   |   0   |  0   |   0    |   0   |   1    |   0    |   0    |
|                      cond-58                       |   12   |    1     |  0   |    1     |  0   |   0   |  0   |   0    |   0   |   1    |   0    |   0    |
|      tbl_kvsf40000c1000000zipf1_2hmaxtput553       |   12   |    0     |  0   |    0     |  0   |   0   |  0   |   0    |   1   |   0    |   0    |   1    |
|      tbl_kvsf40000c1000000zipf1_2hmaxtput564       |   12   |    0     |  0   |    0     |  0   |   0   |  0   |   0    |   1   |   0    |   0    |   1    |
|                      cond-61                       |   13   |    1     |  0   |    1     |  0   |   0   |  0   |   0    |   0   |   1    |   0    |   0    |
|                      cond-62                       |   13   |    1     |  0   |    1     |  0   |   0   |  0   |   0    |   0   |   1    |   0    |   0    |
|      tbl_kvsf40000c1000000zipf1_2hmaxtput579       |   13   |    0     |  0   |    0     |  0   |   0   |  0   |   0    |   1   |   0    |   0    |   1    |
|      tbl_kvsf40000c1000000zipf1_2hmaxtput581       |   13   |    0     |  0   |    0     |  0   |   0   |  0   |   0    |   1   |   0    |   0    |   1    |
|                      cond-63                       |   14   |    1     |  0   |    1     |  0   |   0   |  0   |   0    |   0   |   1    |   0    |   0    |
|                      cond-64                       |   14   |    1     |  0   |    1     |  0   |   0   |  0   |   0    |   0   |   1    |   0    |   0    |
|                      cond-65                       |   14   |    1     |  0   |    1     |  0   |   0   |  0   |   0    |   0   |   1    |   0    |   0    |
|                      cond-66                       |   14   |    1     |  0   |    1     |  0   |   0   |  0   |   0    |   0   |   1    |   0    |   0    |
|                tbl_build_recirc_hdr                |   14   |    0     |  0   |    0     |  0   |   0   |  0   |   0    |   1   |   0    |   0    |   1    |
|      tbl_kvsf40000c1000000zipf1_2hmaxtput843       |   14   |    0     |  0   |    0     |  0   |   0   |  0   |   0    |   1   |   0    |   0    |   1    |
|      tbl_kvsf40000c1000000zipf1_2hmaxtput850       |   14   |    2     |  16  |    0     |  0   |   0   |  0   |   2    |   1   |   0    |   1    |   0    |
|  tbl_kvsf40000c1000000zipf1_2hmaxtput850-gateway   |   14   |    0     |  0   |    1     |  0   |   0   |  0   |   0    |   0   |   1    |   0    |   0    |
|      tbl_kvsf40000c1000000zipf1_2hmaxtput853       |   14   |    0     |  0   |    0     |  0   |   0   |  0   |   0    |   1   |   0    |   0    |   1    |
|      tbl_kvsf40000c1000000zipf1_2hmaxtput877       |   14   |    0     |  0   |    0     |  0   |   0   |  0   |   0    |   1   |   0    |   0    |   1    |
|      tbl_kvsf40000c1000000zipf1_2hmaxtput884       |   14   |    0     |  0   |    0     |  0   |   0   |  0   |   2    |   1   |   0    |   1    |   0    |
|  tbl_kvsf40000c1000000zipf1_2hmaxtput884-gateway   |   14   |    0     |  0   |    1     |  0   |   0   |  0   |   0    |   0   |   1    |   0    |   0    |
|      tbl_kvsf40000c1000000zipf1_2hmaxtput887       |   14   |    0     |  0   |    0     |  0   |   0   |  0   |   0    |   1   |   0    |   0    |   1    |
|                    tbl_rewrite                     |   14   |    0     |  0   |    0     |  0   |   0   |  0   |   0    |   1   |   0    |   0    |   1    |
|                   tbl_rewrite_0                    |   14   |    0     |  0   |    0     |  0   |   0   |  0   |   0    |   1   |   0    |   0    |   1    |
|                   tbl_rewrite_1                    |   14   |    0     |  0   |    0     |  0   |   0   |  0   |   0    |   1   |   0    |   0    |   1    |
|                   tbl_rewrite_2                    |   14   |    0     |  0   |    0     |  0   |   0   |  0   |   0    |   1   |   0    |   0    |   1    |
|                   tbl_rewrite_4                    |   14   |    0     |  0   |    0     |  0   |   0   |  0   |   0    |   1   |   0    |   0    |   1    |
|                   tbl_rewrite_5                    |   14   |    0     |  0   |    0     |  0   |   0   |  0   |   0    |   1   |   0    |   0    |   1    |
|                   tbl_rewrite_6                    |   14   |    0     |  0   |    0     |  0   |   0   |  0   |   0    |   1   |   0    |   0    |   1    |
|                   tbl_rewrite_7                    |   14   |    0     |  0   |    0     |  0   |   0   |  0   |   0    |   1   |   0    |   0    |   1    |
|               Ingress.forwarding_tbl               |   15   |    7     |  0   |    0     |  1   |   2   |  0   |   8    |   4   |   0    |   0    |   1    |
|           Ingress.forwarding_tbl$action            |   15   |    0     |  0   |    0     |  1   |   0   |  0   |   0    |   0   |   0    |   0    |   0    |
|                      cond-68                       |   16   |    1     |  0   |    1     |  0   |   0   |  0   |   0    |   0   |   1    |   0    |   0    |
|      tbl_kvsf40000c1000000zipf1_2hmaxtput922       |   16   |    0     |  0   |    0     |  0   |   0   |  0   |   0    |   1   |   0    |   0    |   1    |
|                      cond-67                       |   17   |    1     |  0   |    1     |  0   |   0   |  0   |   0    |   0   |   1    |   0    |   0    |
|      tbl_kvsf40000c1000000zipf1_2hmaxtput919       |   17   |    0     |  0   |    0     |  0   |   0   |  0   |   0    |   1   |   0    |   0    |   1    |
---------------------------------------------------------------------------------------------------------------------------------------------------------------

