+---------------------------------------------------------------------+
|  Log file: mau.resources.log                                        |
|  Compiler version: 9.13.4                                           |
|  Created on: Wed Feb  4 20:54:52 2026                               |
|  Run ID: 09073f42a56946c5                                           |
+---------------------------------------------------------------------+


---------------------------------------------------------------------------------------------------------------------------------------------------------------------------------------------------------------------------------------------------------------------------------------------------------------------------------------------------------------
| Stage Number | Exact Match Input xbar | Ternary Match Input xbar | Hash Bit | Hash Dist Unit | Gateway | SRAM | Map RAM | TCAM | VLIW Instr | Meter ALU | Stats ALU | Stash | Exact Match Search Bus | Exact Match Result Bus | Tind Result Bus | Action Data Bus Bytes | 8-bit Action Slots | 16-bit Action Slots | 32-bit Action Slots | Logical TableID |
---------------------------------------------------------------------------------------------------------------------------------------------------------------------------------------------------------------------------------------------------------------------------------------------------------------------------------------------------------------
|      0       |           2            |            0             |    40    |       0        |    0    |  4   |    0    |  0   |     2      |     0     |     0     |   0   |           1            |           1            |        1        |           7           |         0          |          0          |          0          |        2        |
|      1       |           8            |            0             |    0     |       0        |    10   |  0   |    0    |  0   |     6      |     0     |     0     |   0   |           10           |           0            |        11       |           0           |         0          |          0          |          0          |        16       |
|      2       |           4            |            0             |    24    |       2        |    2    |  0   |    0    |  0   |     2      |     0     |     0     |   0   |           1            |           2            |        1        |           4           |         0          |          0          |          0          |        3        |
|      3       |           15           |            0             |    56    |       4        |    4    |  2   |    2    |  0   |     3      |     1     |     0     |   0   |           2            |           4            |        1        |           11          |         0          |          0          |          0          |        4        |
|      4       |           7            |            0             |    12    |       1        |    2    |  2   |    2    |  0   |     2      |     1     |     0     |   0   |           1            |           2            |        1        |           4           |         0          |          0          |          0          |        2        |
|      5       |           8            |            0             |    12    |       1        |    2    |  2   |    2    |  0   |     3      |     1     |     0     |   0   |           1            |           2            |        2        |           4           |         0          |          0          |          0          |        3        |
|      6       |           12           |            0             |    36    |       3        |    3    |  2   |    2    |  0   |     3      |     1     |     0     |   0   |           3            |           3            |        3        |           6           |         0          |          0          |          0          |        4        |
|      7       |           10           |            0             |    24    |       2        |    2    |  2   |    2    |  0   |     2      |     1     |     0     |   0   |           2            |           2            |        1        |           4           |         0          |          0          |          0          |        2        |
|      8       |           10           |            0             |    24    |       2        |    2    |  2   |    2    |  0   |     3      |     1     |     0     |   0   |           1            |           2            |        2        |           4           |         0          |          0          |          0          |        3        |
|      9       |           3            |            0             |    0     |       0        |    1    |  0   |    0    |  0   |     2      |     0     |     0     |   0   |           1            |           0            |        2        |           0           |         0          |          0          |          0          |        2        |
|      10      |           8            |            0             |    32    |       2        |    8    |  9   |    9    |  0   |     3      |     1     |     0     |   0   |           7            |           5            |        5        |           4           |         0          |          0          |          0          |        8        |
|      11      |           10           |            0             |    48    |       3        |    3    |  9   |    9    |  0   |     2      |     1     |     0     |   0   |           2            |           3            |        0        |           2           |         0          |          0          |          0          |        3        |
|      12      |           2            |            0             |    0     |       0        |    2    |  0   |    0    |  0   |     2      |     0     |     0     |   0   |           2            |           0            |        2        |           0           |         0          |          0          |          0          |        2        |
|      13      |           2            |            0             |    0     |       0        |    2    |  0   |    0    |  0   |     2      |     0     |     0     |   0   |           2            |           0            |        2        |           0           |         0          |          0          |          0          |        3        |
|      14      |           3            |            0             |    0     |       0        |    4    |  0   |    0    |  0   |     7      |     0     |     0     |   0   |           4            |           0            |        12       |           0           |         0          |          0          |          0          |        13       |
|      15      |           0            |            7             |    0     |       0        |    0    |  2   |    0    |  2   |     5      |     0     |     0     |   0   |           0            |           0            |        2        |           6           |         0          |          0          |          0          |        2        |
|      16      |           0            |            0             |    0     |       0        |    0    |  0   |    0    |  0   |     0      |     0     |     0     |   0   |           0            |           0            |        0        |           0           |         0          |          0          |          0          |        0        |
|      17      |           0            |            0             |    0     |       0        |    0    |  0   |    0    |  0   |     0      |     0     |     0     |   0   |           0            |           0            |        0        |           0           |         0          |          0          |          0          |        0        |
|      18      |           0            |            0             |    0     |       0        |    0    |  0   |    0    |  0   |     0      |     0     |     0     |   0   |           0            |           0            |        0        |           0           |         0          |          0          |          0          |        0        |
|      19      |           0            |            0             |    0     |       0        |    0    |  0   |    0    |  0   |     0      |     0     |     0     |   0   |           0            |           0            |        0        |           0           |         0          |          0          |          0          |        0        |
|              |                        |                          |          |                |         |      |         |      |            |           |           |       |                        |                        |                 |                       |                    |                     |                     |                 |
|    Totals    |          104           |            7             |   308    |       20       |    47   |  36  |    30   |  2   |     49     |     8     |     0     |   0   |           40           |           26           |        48       |           56          |         0          |          0          |          0          |        72       |
---------------------------------------------------------------------------------------------------------------------------------------------------------------------------------------------------------------------------------------------------------------------------------------------------------------------------------------------------------------


------------------------------------------------------------------------------------------------------------------------------------------------------------------------------------------------------------------------------------------------------------------------------------------------------------------------------------------------------------------
| Stage Number | Exact Match Input xbar | Ternary Match Input xbar | Hash Bit | Hash Dist Unit | Gateway |  SRAM  | Map RAM |  TCAM | VLIW Instr | Meter ALU | Stats ALU | Stash | Exact Match Search Bus | Exact Match Result Bus | Tind Result Bus | Action Data Bus Bytes | 8-bit Action Slots | 16-bit Action Slots | 32-bit Action Slots | Logical TableID |
------------------------------------------------------------------------------------------------------------------------------------------------------------------------------------------------------------------------------------------------------------------------------------------------------------------------------------------------------------------
|      0       |         1.56%          |          0.00%           |  9.62%   |     0.00%      |  0.00%  | 5.00%  |  0.00%  | 0.00% |   6.25%    |   0.00%   |   0.00%   | 0.00% |         6.25%          |         6.25%          |      6.25%      |         5.47%         |       0.00%        |        0.00%        |        0.00%        |      12.50%     |
|      1       |         6.25%          |          0.00%           |  0.00%   |     0.00%      |  62.50% | 0.00%  |  0.00%  | 0.00% |   18.75%   |   0.00%   |   0.00%   | 0.00% |         62.50%         |         0.00%          |      68.75%     |         0.00%         |       0.00%        |        0.00%        |        0.00%        |     100.00%     |
|      2       |         3.12%          |          0.00%           |  5.77%   |     33.33%     |  12.50% | 0.00%  |  0.00%  | 0.00% |   6.25%    |   0.00%   |   0.00%   | 0.00% |         6.25%          |         12.50%         |      6.25%      |         3.12%         |       0.00%        |        0.00%        |        0.00%        |      18.75%     |
|      3       |         11.72%         |          0.00%           |  13.46%  |     66.67%     |  25.00% | 2.50%  |  4.17%  | 0.00% |   9.38%    |   25.00%  |   0.00%   | 0.00% |         12.50%         |         25.00%         |      6.25%      |         8.59%         |       0.00%        |        0.00%        |        0.00%        |      25.00%     |
|      4       |         5.47%          |          0.00%           |  2.88%   |     16.67%     |  12.50% | 2.50%  |  4.17%  | 0.00% |   6.25%    |   25.00%  |   0.00%   | 0.00% |         6.25%          |         12.50%         |      6.25%      |         3.12%         |       0.00%        |        0.00%        |        0.00%        |      12.50%     |
|      5       |         6.25%          |          0.00%           |  2.88%   |     16.67%     |  12.50% | 2.50%  |  4.17%  | 0.00% |   9.38%    |   25.00%  |   0.00%   | 0.00% |         6.25%          |         12.50%         |      12.50%     |         3.12%         |       0.00%        |        0.00%        |        0.00%        |      18.75%     |
|      6       |         9.38%          |          0.00%           |  8.65%   |     50.00%     |  18.75% | 2.50%  |  4.17%  | 0.00% |   9.38%    |   25.00%  |   0.00%   | 0.00% |         18.75%         |         18.75%         |      18.75%     |         4.69%         |       0.00%        |        0.00%        |        0.00%        |      25.00%     |
|      7       |         7.81%          |          0.00%           |  5.77%   |     33.33%     |  12.50% | 2.50%  |  4.17%  | 0.00% |   6.25%    |   25.00%  |   0.00%   | 0.00% |         12.50%         |         12.50%         |      6.25%      |         3.12%         |       0.00%        |        0.00%        |        0.00%        |      12.50%     |
|      8       |         7.81%          |          0.00%           |  5.77%   |     33.33%     |  12.50% | 2.50%  |  4.17%  | 0.00% |   9.38%    |   25.00%  |   0.00%   | 0.00% |         6.25%          |         12.50%         |      12.50%     |         3.12%         |       0.00%        |        0.00%        |        0.00%        |      18.75%     |
|      9       |         2.34%          |          0.00%           |  0.00%   |     0.00%      |  6.25%  | 0.00%  |  0.00%  | 0.00% |   6.25%    |   0.00%   |   0.00%   | 0.00% |         6.25%          |         0.00%          |      12.50%     |         0.00%         |       0.00%        |        0.00%        |        0.00%        |      12.50%     |
|      10      |         6.25%          |          0.00%           |  7.69%   |     33.33%     |  50.00% | 11.25% |  18.75% | 0.00% |   9.38%    |   25.00%  |   0.00%   | 0.00% |         43.75%         |         31.25%         |      31.25%     |         3.12%         |       0.00%        |        0.00%        |        0.00%        |      50.00%     |
|      11      |         7.81%          |          0.00%           |  11.54%  |     50.00%     |  18.75% | 11.25% |  18.75% | 0.00% |   6.25%    |   25.00%  |   0.00%   | 0.00% |         12.50%         |         18.75%         |      0.00%      |         1.56%         |       0.00%        |        0.00%        |        0.00%        |      18.75%     |
|      12      |         1.56%          |          0.00%           |  0.00%   |     0.00%      |  12.50% | 0.00%  |  0.00%  | 0.00% |   6.25%    |   0.00%   |   0.00%   | 0.00% |         12.50%         |         0.00%          |      12.50%     |         0.00%         |       0.00%        |        0.00%        |        0.00%        |      12.50%     |
|      13      |         1.56%          |          0.00%           |  0.00%   |     0.00%      |  12.50% | 0.00%  |  0.00%  | 0.00% |   6.25%    |   0.00%   |   0.00%   | 0.00% |         12.50%         |         0.00%          |      12.50%     |         0.00%         |       0.00%        |        0.00%        |        0.00%        |      18.75%     |
|      14      |         2.34%          |          0.00%           |  0.00%   |     0.00%      |  25.00% | 0.00%  |  0.00%  | 0.00% |   21.88%   |   0.00%   |   0.00%   | 0.00% |         25.00%         |         0.00%          |      75.00%     |         0.00%         |       0.00%        |        0.00%        |        0.00%        |      81.25%     |
|      15      |         0.00%          |          10.61%          |  0.00%   |     0.00%      |  0.00%  | 2.50%  |  0.00%  | 8.33% |   15.62%   |   0.00%   |   0.00%   | 0.00% |         0.00%          |         0.00%          |      12.50%     |         4.69%         |       0.00%        |        0.00%        |        0.00%        |      12.50%     |
|      16      |         0.00%          |          0.00%           |  0.00%   |     0.00%      |  0.00%  | 0.00%  |  0.00%  | 0.00% |   0.00%    |   0.00%   |   0.00%   | 0.00% |         0.00%          |         0.00%          |      0.00%      |         0.00%         |       0.00%        |        0.00%        |        0.00%        |      0.00%      |
|      17      |         0.00%          |          0.00%           |  0.00%   |     0.00%      |  0.00%  | 0.00%  |  0.00%  | 0.00% |   0.00%    |   0.00%   |   0.00%   | 0.00% |         0.00%          |         0.00%          |      0.00%      |         0.00%         |       0.00%        |        0.00%        |        0.00%        |      0.00%      |
|      18      |         0.00%          |          0.00%           |  0.00%   |     0.00%      |  0.00%  | 0.00%  |  0.00%  | 0.00% |   0.00%    |   0.00%   |   0.00%   | 0.00% |         0.00%          |         0.00%          |      0.00%      |         0.00%         |       0.00%        |        0.00%        |        0.00%        |      0.00%      |
|      19      |         0.00%          |          0.00%           |  0.00%   |     0.00%      |  0.00%  | 0.00%  |  0.00%  | 0.00% |   0.00%    |   0.00%   |   0.00%   | 0.00% |         0.00%          |         0.00%          |      0.00%      |         0.00%         |       0.00%        |        0.00%        |        0.00%        |      0.00%      |
|              |                        |                          |          |                |         |        |         |       |            |           |           |       |                        |                        |                 |                       |                    |                     |                     |                 |
|   Average    |         5.08%          |          0.66%           |  4.63%   |     20.83%     |  18.36% | 2.81%  |  3.91%  | 0.52% |   9.57%    |   12.50%  |   0.00%   | 0.00% |         15.62%         |         10.16%         |      18.75%     |         2.73%         |       0.00%        |        0.00%        |        0.00%        |      28.12%     |
------------------------------------------------------------------------------------------------------------------------------------------------------------------------------------------------------------------------------------------------------------------------------------------------------------------------------------------------------------------


Allocated Resource Usage
---------------------------------------------------------------------------------------------------------------------------------------------------------------
|                       Table                        | Stage  | Crossbar | Hash | Gateways | RAMs | TCAMs | Map  | Action |  VLIW |  Exm   |  Exm   |  Tind  |
|                        Name                        | Number |  Bytes   | Bits |          |      |       | RAMs |  Data  | Slots | Search | Result | Result |
|                                                    |        |          |      |          |      |       |      |  Bus   |       |  Bus   |  Bus   |  Bus   |
|                                                    |        |          |      |          |      |       |      | Bytes  |       |        |        |        |
---------------------------------------------------------------------------------------------------------------------------------------------------------------
|            IngressParser.$PORT_METADATA            |   -1   |    0     |  0   |    0     |  0   |   0   |  0   |   0    |   0   |   0    |   0    |   0    |
|           Ingress.ingress_port_to_nf_dev           |   0    |    2     |  40  |    0     |  4   |   0   |  0   |   7    |   3   |   1    |   1    |   0    |
|       tbl_kvsf40000c1000000zipf1hmaxtput859        |   0    |    0     |  0   |    0     |  0   |   0   |  0   |   0    |   1   |   0    |   0    |   1    |
|                      cond-34                       |   1    |    2     |  0   |    1     |  0   |   0   |  0   |   0    |   0   |   1    |   0    |   0    |
|                      cond-35                       |   1    |    1     |  0   |    1     |  0   |   0   |  0   |   0    |   0   |   1    |   0    |   0    |
|                      cond-36                       |   1    |    2     |  0   |    1     |  0   |   0   |  0   |   0    |   0   |   1    |   0    |   0    |
|                      cond-37                       |   1    |    1     |  0   |    1     |  0   |   0   |  0   |   0    |   0   |   1    |   0    |   0    |
|                      cond-38                       |   1    |    1     |  0   |    1     |  0   |   0   |  0   |   0    |   0   |   1    |   0    |   0    |
|                      cond-39                       |   1    |    1     |  0   |    1     |  0   |   0   |  0   |   0    |   0   |   1    |   0    |   0    |
|                      cond-40                       |   1    |    1     |  0   |    1     |  0   |   0   |  0   |   0    |   0   |   1    |   0    |   0    |
|                      cond-41                       |   1    |    2     |  0   |    1     |  0   |   0   |  0   |   0    |   0   |   1    |   0    |   0    |
|                      cond-42                       |   1    |    1     |  0   |    1     |  0   |   0   |  0   |   0    |   0   |   1    |   0    |   0    |
|                      cond-43                       |   1    |    1     |  0   |    1     |  0   |   0   |  0   |   0    |   0   |   1    |   0    |   0    |
|                tbl_build_cuckoo_hdr                |   1    |    0     |  0   |    0     |  0   |   0   |  0   |   0    |   1   |   0    |   0    |   1    |
|       tbl_kvsf40000c1000000zipf1hmaxtput696        |   1    |    0     |  0   |    0     |  0   |   0   |  0   |   0    |   1   |   0    |   0    |   1    |
|       tbl_kvsf40000c1000000zipf1hmaxtput702        |   1    |    0     |  0   |    0     |  0   |   0   |  0   |   0    |   1   |   0    |   0    |   1    |
|       tbl_kvsf40000c1000000zipf1hmaxtput715        |   1    |    0     |  0   |    0     |  0   |   0   |  0   |   0    |   1   |   0    |   0    |   1    |
|       tbl_kvsf40000c1000000zipf1hmaxtput755        |   1    |    0     |  0   |    0     |  0   |   0   |  0   |   0    |   1   |   0    |   0    |   1    |
|       tbl_kvsf40000c1000000zipf1hmaxtput757        |   1    |    0     |  0   |    0     |  0   |   0   |  0   |   0    |   1   |   0    |   0    |   1    |
|       tbl_kvsf40000c1000000zipf1hmaxtput837        |   1    |    0     |  0   |    0     |  0   |   0   |  0   |   0    |   1   |   0    |   0    |   1    |
|      tbl_kvsf40000c1000000zipf1hmaxtput837_0       |   1    |    0     |  0   |    0     |  0   |   0   |  0   |   0    |   1   |   0    |   0    |   1    |
|                 tbl_swap_action_0                  |   1    |    0     |  0   |    0     |  0   |   0   |  0   |   0    |   1   |   0    |   0    |   1    |
|                 tbl_swap_action_1                  |   1    |    0     |  0   |    0     |  0   |   0   |  0   |   0    |   1   |   0    |   0    |   1    |
|                 tbl_swap_action_2                  |   1    |    0     |  0   |    0     |  0   |   0   |  0   |   0    |   1   |   0    |   0    |   1    |
|       tbl_cuckoo_hash_table_calc_cuckoo_hash       |   2    |    4     |  12  |    0     |  0   |   0   |  0   |   2    |   1   |   0    |   1    |   0    |
|   tbl_cuckoo_hash_table_calc_cuckoo_hash-gateway   |   2    |    0     |  0   |    1     |  0   |   0   |  0   |   0    |   0   |   1    |   0    |   0    |
|     tbl_cuckoo_hash_table_calc_cuckoo_hash_2_r     |   2    |    4     |  12  |    0     |  0   |   0   |  0   |   2    |   1   |   0    |   1    |   0    |
| tbl_cuckoo_hash_table_calc_cuckoo_hash_2_r-gateway |   2    |    0     |  0   |    1     |  0   |   0   |  0   |   0    |   0   |   1    |   0    |   0    |
|       tbl_kvsf40000c1000000zipf1hmaxtput390        |   2    |    0     |  0   |    0     |  0   |   0   |  0   |   0    |   1   |   0    |   0    |   1    |
|         Ingress.cuckoo_hash_table.reg_k_1          |   3    |    4     |  0   |    0     |  2   |   0   |  2   |   0    |   0   |   0    |   0    |   0    |
|                      cond-44                       |   3    |    1     |  0   |    1     |  0   |   0   |  0   |   0    |   0   |   1    |   0    |   1    |
|                      tbl_act                       |   3    |    2     |  12  |    0     |  0   |   0   |  0   |   4    |   1   |   0    |   1    |   0    |
|      tbl_cuckoo_hash_table_calc_cuckoo_hash_0      |   3    |    4     |  12  |    0     |  0   |   0   |  0   |   3    |   1   |   0    |   1    |   0    |
|  tbl_cuckoo_hash_table_calc_cuckoo_hash_0-gateway  |   3    |    0     |  0   |    1     |  0   |   0   |  0   |   0    |   0   |   1    |   0    |   0    |
|       tbl_kvsf40000c1000000zipf1hmaxtput416        |   3    |    0     |  0   |    0     |  0   |   0   |  0   |   4    |   1   |   0    |   1    |   0    |
|   tbl_kvsf40000c1000000zipf1hmaxtput416-gateway    |   3    |    0     |  0   |    1     |  0   |   0   |  0   |   0    |   0   |   1    |   0    |   0    |
|       tbl_kvsf40000c1000000zipf1hmaxtput495        |   3    |    8     |  32  |    0     |  0   |   0   |  0   |   4    |   1   |   0    |   1    |   0    |
|   tbl_kvsf40000c1000000zipf1hmaxtput495-gateway    |   3    |    0     |  0   |    1     |  0   |   0   |  0   |   0    |   0   |   1    |   0    |   0    |
|         Ingress.cuckoo_hash_table.reg_ts_1         |   4    |    4     |  0   |    0     |  2   |   0   |  2   |   0    |   0   |   0    |   0    |   0    |
|                      cond-45                       |   4    |    1     |  0   |    1     |  0   |   0   |  0   |   0    |   0   |   1    |   0    |   1    |
|                     tbl_act_0                      |   4    |    0     |  0   |    0     |  0   |   0   |  0   |   4    |   1   |   0    |   1    |   0    |
|       tbl_kvsf40000c1000000zipf1hmaxtput417        |   4    |    2     |  12  |    0     |  0   |   0   |  0   |   4    |   1   |   0    |   1    |   0    |
|   tbl_kvsf40000c1000000zipf1hmaxtput417-gateway    |   4    |    0     |  0   |    1     |  0   |   0   |  0   |   0    |   0   |   1    |   0    |   0    |
|         Ingress.cuckoo_hash_table.reg_v_1          |   5    |    5     |  0   |    0     |  2   |   0   |  2   |   0    |   0   |   0    |   0    |   0    |
|                      cond-46                       |   5    |    1     |  0   |    1     |  0   |   0   |  0   |   0    |   0   |   1    |   0    |   1    |
|           tbl_cuckoo_hash_table_ts_diff            |   5    |    0     |  0   |    0     |  0   |   0   |  0   |   0    |   1   |   0    |   0    |   1    |
|       tbl_kvsf40000c1000000zipf1hmaxtput401        |   5    |    2     |  12  |    0     |  0   |   0   |  0   |   4    |   1   |   0    |   1    |   0    |
|       tbl_kvsf40000c1000000zipf1hmaxtput418        |   5    |    0     |  0   |    0     |  0   |   0   |  0   |   4    |   1   |   0    |   1    |   0    |
|   tbl_kvsf40000c1000000zipf1hmaxtput418-gateway    |   5    |    0     |  0   |    1     |  0   |   0   |  0   |   0    |   0   |   1    |   0    |   0    |
|         Ingress.cuckoo_hash_table.reg_k_2          |   6    |    4     |  0   |    0     |  2   |   0   |  2   |   0    |   0   |   0    |   0    |   0    |
|                      cond-47                       |   6    |    1     |  0   |    1     |  0   |   0   |  0   |   0    |   0   |   1    |   0    |   1    |
|                      cond-50                       |   6    |    3     |  0   |    1     |  0   |   0   |  0   |   0    |   0   |   1    |   0    |   1    |
|                     tbl_act_1                      |   6    |    2     |  12  |    0     |  0   |   0   |  0   |   4    |   1   |   0    |   1    |   0    |
|       tbl_kvsf40000c1000000zipf1hmaxtput424        |   6    |    2     |  12  |    0     |  0   |   0   |  0   |   4    |   1   |   0    |   1    |   0    |
|   tbl_kvsf40000c1000000zipf1hmaxtput424-gateway    |   6    |    0     |  0   |    1     |  0   |   0   |  0   |   0    |   0   |   1    |   0    |   0    |
|       tbl_kvsf40000c1000000zipf1hmaxtput425        |   6    |    2     |  12  |    0     |  0   |   0   |  0   |   2    |   1   |   0    |   1    |   0    |
|       tbl_kvsf40000c1000000zipf1hmaxtput438        |   6    |    0     |  0   |    0     |  0   |   0   |  0   |   0    |   1   |   0    |   0    |   1    |
|         Ingress.cuckoo_hash_table.reg_ts_2         |   7    |    4     |  0   |    0     |  2   |   0   |  2   |   0    |   0   |   0    |   0    |   0    |
|                      cond-48                       |   7    |    1     |  0   |    1     |  0   |   0   |  0   |   0    |   0   |   1    |   0    |   1    |
|                     tbl_act_2                      |   7    |    2     |  12  |    0     |  0   |   0   |  0   |   4    |   1   |   0    |   1    |   0    |
|       tbl_kvsf40000c1000000zipf1hmaxtput425        |   7    |    2     |  12  |    0     |  0   |   0   |  0   |   4    |   1   |   0    |   1    |   0    |
|   tbl_kvsf40000c1000000zipf1hmaxtput425-gateway    |   7    |    1     |  0   |    1     |  0   |   0   |  0   |   0    |   0   |   1    |   0    |   0    |
|         Ingress.cuckoo_hash_table.reg_v_2          |   8    |    5     |  0   |    0     |  2   |   0   |  2   |   0    |   0   |   0    |   0    |   0    |
|                      cond-49                       |   8    |    1     |  0   |    1     |  0   |   0   |  0   |   0    |   0   |   1    |   0    |   1    |
|          tbl_cuckoo_hash_table_ts_diff_0           |   8    |    0     |  0   |    0     |  0   |   0   |  0   |   0    |   1   |   0    |   0    |   1    |
|       tbl_kvsf40000c1000000zipf1hmaxtput409        |   8    |    2     |  12  |    0     |  0   |   0   |  0   |   4    |   1   |   0    |   1    |   0    |
|       tbl_kvsf40000c1000000zipf1hmaxtput426        |   8    |    2     |  12  |    0     |  0   |   0   |  0   |   4    |   1   |   0    |   1    |   0    |
|   tbl_kvsf40000c1000000zipf1hmaxtput426-gateway    |   8    |    0     |  0   |    1     |  0   |   0   |  0   |   0    |   0   |   1    |   0    |   0    |
|                      cond-51                       |   9    |    3     |  0   |    1     |  0   |   0   |  0   |   0    |   0   |   1    |   0    |   0    |
|       tbl_kvsf40000c1000000zipf1hmaxtput432        |   9    |    0     |  0   |    0     |  0   |   0   |  0   |   0    |   1   |   0    |   0    |   1    |
|       tbl_kvsf40000c1000000zipf1hmaxtput434        |   9    |    0     |  0   |    0     |  0   |   0   |  0   |   0    |   1   |   0    |   0    |   1    |
|   Ingress.cuckoo_bloom_filter.swapped_transient    |   10   |    0     |  0   |    0     |  9   |   0   |  9   |   0    |   0   |   0    |   0    |   0    |
|                      cond-52                       |   10   |    1     |  0   |    1     |  0   |   0   |  0   |   0    |   0   |   1    |   0    |   0    |
|                      cond-53                       |   10   |    1     |  0   |    1     |  0   |   0   |  0   |   0    |   0   |   1    |   0    |   1    |
|                      cond-54                       |   10   |    1     |  0   |    1     |  0   |   0   |  0   |   0    |   0   |   1    |   0    |   1    |
|                      cond-56                       |   10   |    1     |  0   |    1     |  0   |   0   |  0   |   0    |   0   |   1    |   0    |   0    |
|                      cond-57                       |   10   |    1     |  0   |    1     |  0   |   0   |  0   |   0    |   0   |   1    |   0    |   1    |
|                      cond-59                       |   10   |    1     |  0   |    1     |  0   |   0   |  0   |   0    |   0   |   1    |   0    |   1    |
|                      cond-60                       |   10   |    1     |  0   |    1     |  0   |   0   |  0   |   0    |   0   |   1    |   0    |   0    |
|       tbl_kvsf40000c1000000zipf1hmaxtput500        |   10   |    0     |  0   |    0     |  0   |   0   |  0   |   4    |   1   |   0    |   1    |   0    |
|       tbl_kvsf40000c1000000zipf1hmaxtput503        |   10   |    2     |  16  |    0     |  0   |   0   |  0   |   4    |   1   |   0    |   1    |   0    |
|       tbl_kvsf40000c1000000zipf1hmaxtput511        |   10   |    0     |  0   |    0     |  0   |   0   |  0   |   4    |   1   |   0    |   1    |   0    |
|   tbl_kvsf40000c1000000zipf1hmaxtput511-gateway    |   10   |    0     |  0   |    1     |  0   |   0   |  0   |   0    |   0   |   1    |   0    |   0    |
|       tbl_kvsf40000c1000000zipf1hmaxtput514        |   10   |    2     |  16  |    0     |  0   |   0   |  0   |   4    |   1   |   0    |   1    |   0    |
|       tbl_kvsf40000c1000000zipf1hmaxtput522        |   10   |    0     |  0   |    0     |  0   |   0   |  0   |   4    |   1   |   0    |   1    |   0    |
|       tbl_kvsf40000c1000000zipf1hmaxtput524        |   10   |    0     |  0   |    0     |  0   |   0   |  0   |   0    |   1   |   0    |   0    |   1    |
|     Ingress.cuckoo_bloom_filter.swap_transient     |   11   |    2     |  0   |    0     |  9   |   0   |  9   |   0    |   0   |   0    |   0    |   0    |
|                     tbl_act_3                      |   11   |    2     |  16  |    0     |  0   |   0   |  0   |   2    |   1   |   0    |   1    |   0    |
|                 tbl_act_3-gateway                  |   11   |    0     |  0   |    1     |  0   |   0   |  0   |   0    |   0   |   1    |   0    |   0    |
|       tbl_kvsf40000c1000000zipf1hmaxtput515        |   11   |    2     |  16  |    0     |  0   |   0   |  0   |   2    |   1   |   0    |   1    |   0    |
|   tbl_kvsf40000c1000000zipf1hmaxtput515-gateway    |   11   |    0     |  0   |    1     |  0   |   0   |  0   |   0    |   0   |   1    |   0    |   0    |
|       tbl_kvsf40000c1000000zipf1hmaxtput526        |   11   |    4     |  16  |    0     |  0   |   0   |  0   |   2    |   1   |   0    |   1    |   0    |
|   tbl_kvsf40000c1000000zipf1hmaxtput526-gateway    |   11   |    0     |  0   |    1     |  0   |   0   |  0   |   0    |   0   |   1    |   0    |   0    |
|                      cond-55                       |   12   |    1     |  0   |    1     |  0   |   0   |  0   |   0    |   0   |   1    |   0    |   0    |
|                      cond-58                       |   12   |    1     |  0   |    1     |  0   |   0   |  0   |   0    |   0   |   1    |   0    |   0    |
|       tbl_kvsf40000c1000000zipf1hmaxtput506        |   12   |    0     |  0   |    0     |  0   |   0   |  0   |   0    |   1   |   0    |   0    |   1    |
|       tbl_kvsf40000c1000000zipf1hmaxtput517        |   12   |    0     |  0   |    0     |  0   |   0   |  0   |   0    |   1   |   0    |   0    |   1    |
|                      cond-61                       |   13   |    1     |  0   |    1     |  0   |   0   |  0   |   0    |   0   |   1    |   0    |   0    |
|                      cond-62                       |   13   |    1     |  0   |    1     |  0   |   0   |  0   |   0    |   0   |   1    |   0    |   0    |
|       tbl_kvsf40000c1000000zipf1hmaxtput532        |   13   |    0     |  0   |    0     |  0   |   0   |  0   |   0    |   1   |   0    |   0    |   1    |
|       tbl_kvsf40000c1000000zipf1hmaxtput534        |   13   |    0     |  0   |    0     |  0   |   0   |  0   |   0    |   1   |   0    |   0    |   1    |
|                      cond-63                       |   14   |    1     |  0   |    1     |  0   |   0   |  0   |   0    |   0   |   1    |   0    |   0    |
|                      cond-64                       |   14   |    1     |  0   |    1     |  0   |   0   |  0   |   0    |   0   |   1    |   0    |   0    |
|                      cond-65                       |   14   |    1     |  0   |    1     |  0   |   0   |  0   |   0    |   0   |   1    |   0    |   0    |
|                      cond-66                       |   14   |    1     |  0   |    1     |  0   |   0   |  0   |   0    |   0   |   1    |   0    |   0    |
|                tbl_build_recirc_hdr                |   14   |    0     |  0   |    0     |  0   |   0   |  0   |   0    |   1   |   0    |   0    |   1    |
|               tbl_build_recirc_hdr_0               |   14   |    0     |  0   |    0     |  0   |   0   |  0   |   0    |   1   |   0    |   0    |   1    |
|       tbl_kvsf40000c1000000zipf1hmaxtput779        |   14   |    0     |  0   |    0     |  0   |   0   |  0   |   0    |   1   |   0    |   0    |   1    |
|       tbl_kvsf40000c1000000zipf1hmaxtput791        |   14   |    0     |  0   |    0     |  0   |   0   |  0   |   0    |   1   |   0    |   0    |   1    |
|       tbl_kvsf40000c1000000zipf1hmaxtput798        |   14   |    0     |  0   |    0     |  0   |   0   |  0   |   0    |   1   |   0    |   0    |   1    |
|       tbl_kvsf40000c1000000zipf1hmaxtput799        |   14   |    0     |  0   |    0     |  0   |   0   |  0   |   0    |   1   |   0    |   0    |   1    |
|       tbl_kvsf40000c1000000zipf1hmaxtput814        |   14   |    0     |  0   |    0     |  0   |   0   |  0   |   0    |   1   |   0    |   0    |   1    |
|       tbl_kvsf40000c1000000zipf1hmaxtput824        |   14   |    0     |  0   |    0     |  0   |   0   |  0   |   0    |   1   |   0    |   0    |   1    |
|       tbl_kvsf40000c1000000zipf1hmaxtput825        |   14   |    0     |  0   |    0     |  0   |   0   |  0   |   0    |   1   |   0    |   0    |   1    |
|                 tbl_swap_action_4                  |   14   |    0     |  0   |    0     |  0   |   0   |  0   |   0    |   1   |   0    |   0    |   1    |
|                 tbl_swap_action_5                  |   14   |    0     |  0   |    0     |  0   |   0   |  0   |   0    |   1   |   0    |   0    |   1    |
|                 tbl_swap_action_6                  |   14   |    0     |  0   |    0     |  0   |   0   |  0   |   0    |   1   |   0    |   0    |   1    |
|               Ingress.forwarding_tbl               |   15   |    7     |  0   |    0     |  1   |   2   |  0   |   6    |   4   |   0    |   0    |   1    |
|           Ingress.forwarding_tbl$action            |   15   |    0     |  0   |    0     |  1   |   0   |  0   |   0    |   0   |   0    |   0    |   0    |
|       tbl_kvsf40000c1000000zipf1hmaxtput816        |   15   |    0     |  0   |    0     |  0   |   0   |  0   |   0    |   1   |   0    |   0    |   1    |
---------------------------------------------------------------------------------------------------------------------------------------------------------------

