+---------------------------------------------------------------------+
|  Log file: mau.resources.log                                        |
|  Compiler version: 9.13.4                                           |
|  Created on: Thu Sep 10 06:50:07 2026                               |
|  Run ID: 3f2d5095cb2b4847                                           |
+---------------------------------------------------------------------+


---------------------------------------------------------------------------------------------------------------------------------------------------------------------------------------------------------------------------------------------------------------------------------------------------------------------------------------------------------------
| Stage Number | Exact Match Input xbar | Ternary Match Input xbar | Hash Bit | Hash Dist Unit | Gateway | SRAM | Map RAM | TCAM | VLIW Instr | Meter ALU | Stats ALU | Stash | Exact Match Search Bus | Exact Match Result Bus | Tind Result Bus | Action Data Bus Bytes | 8-bit Action Slots | 16-bit Action Slots | 32-bit Action Slots | Logical TableID |
---------------------------------------------------------------------------------------------------------------------------------------------------------------------------------------------------------------------------------------------------------------------------------------------------------------------------------------------------------------
|      0       |           5            |            0             |    40    |       0        |    6    |  5   |    0    |  0   |     3      |     0     |     0     |   0   |           6            |           1            |        2        |           6           |         0          |          0          |          0          |        8        |
|      1       |           4            |            0             |    0     |       0        |    3    |  0   |    0    |  0   |     3      |     0     |     0     |   0   |           3            |           0            |        5        |           0           |         0          |          0          |          0          |        5        |
|      2       |           4            |            0             |    24    |       2        |    2    |  0   |    0    |  0   |     2      |     0     |     0     |   0   |           1            |           2            |        1        |           4           |         0          |          0          |          0          |        3        |
|      3       |           15           |            0             |    56    |       4        |    4    |  2   |    2    |  0   |     3      |     1     |     0     |   0   |           2            |           4            |        1        |           11          |         0          |          0          |          0          |        4        |
|      4       |           7            |            0             |    12    |       1        |    2    |  2   |    2    |  0   |     2      |     1     |     0     |   0   |           1            |           2            |        1        |           4           |         0          |          0          |          0          |        2        |
|      5       |           8            |            0             |    12    |       1        |    2    |  2   |    2    |  0   |     3      |     1     |     0     |   0   |           1            |           2            |        2        |           4           |         0          |          0          |          0          |        3        |
|      6       |           12           |            0             |    36    |       3        |    3    |  2   |    2    |  0   |     3      |     1     |     0     |   0   |           3            |           3            |        3        |           6           |         0          |          0          |          0          |        4        |
|      7       |           10           |            0             |    24    |       2        |    2    |  2   |    2    |  0   |     2      |     1     |     0     |   0   |           2            |           2            |        1        |           4           |         0          |          0          |          0          |        2        |
|      8       |           10           |            0             |    24    |       2        |    2    |  2   |    2    |  0   |     3      |     1     |     0     |   0   |           1            |           2            |        2        |           4           |         0          |          0          |          0          |        3        |
|      9       |           3            |            0             |    0     |       0        |    1    |  0   |    0    |  0   |     2      |     0     |     0     |   0   |           1            |           0            |        2        |           0           |         0          |          0          |          0          |        2        |
|      10      |           8            |            0             |    32    |       2        |    8    |  9   |    9    |  0   |     3      |     1     |     0     |   0   |           7            |           5            |        5        |           4           |         0          |          0          |          0          |        8        |
|      11      |           10           |            0             |    48    |       3        |    3    |  9   |    9    |  0   |     2      |     1     |     0     |   0   |           2            |           3            |        0        |           2           |         0          |          0          |          0          |        3        |
|      12      |           2            |            0             |    0     |       0        |    2    |  0   |    0    |  0   |     2      |     0     |     0     |   0   |           2            |           0            |        2        |           0           |         0          |          0          |          0          |        2        |
|      13      |           2            |            0             |    0     |       0        |    2    |  0   |    0    |  0   |     2      |     0     |     0     |   0   |           2            |           0            |        2        |           0           |         0          |          0          |          0          |        3        |
|      14      |           3            |            0             |    0     |       0        |    4    |  0   |    0    |  0   |     8      |     0     |     0     |   0   |           4            |           0            |        15       |           0           |         0          |          0          |          0          |        16       |
|      15      |           0            |            7             |    0     |       0        |    0    |  2   |    0    |  2   |     5      |     0     |     0     |   0   |           0            |           0            |        2        |           6           |         0          |          0          |          0          |        2        |
|      16      |           0            |            0             |    0     |       0        |    0    |  0   |    0    |  0   |     1      |     0     |     0     |   0   |           0            |           0            |        1        |           0           |         0          |          0          |          0          |        1        |
|      17      |           0            |            0             |    0     |       0        |    0    |  0   |    0    |  0   |     1      |     0     |     0     |   0   |           0            |           0            |        1        |           0           |         0          |          0          |          0          |        1        |
|      18      |           0            |            0             |    0     |       0        |    0    |  0   |    0    |  0   |     0      |     0     |     0     |   0   |           0            |           0            |        0        |           0           |         0          |          0          |          0          |        0        |
|      19      |           0            |            0             |    0     |       0        |    0    |  0   |    0    |  0   |     0      |     0     |     0     |   0   |           0            |           0            |        0        |           0           |         0          |          0          |          0          |        0        |
|              |                        |                          |          |                |         |      |         |      |            |           |           |       |                        |                        |                 |                       |                    |                     |                     |                 |
|    Totals    |          103           |            7             |   308    |       20       |    46   |  37  |    30   |  2   |     50     |     8     |     0     |   0   |           38           |           26           |        48       |           55          |         0          |          0          |          0          |        72       |
---------------------------------------------------------------------------------------------------------------------------------------------------------------------------------------------------------------------------------------------------------------------------------------------------------------------------------------------------------------


------------------------------------------------------------------------------------------------------------------------------------------------------------------------------------------------------------------------------------------------------------------------------------------------------------------------------------------------------------------
| Stage Number | Exact Match Input xbar | Ternary Match Input xbar | Hash Bit | Hash Dist Unit | Gateway |  SRAM  | Map RAM |  TCAM | VLIW Instr | Meter ALU | Stats ALU | Stash | Exact Match Search Bus | Exact Match Result Bus | Tind Result Bus | Action Data Bus Bytes | 8-bit Action Slots | 16-bit Action Slots | 32-bit Action Slots | Logical TableID |
------------------------------------------------------------------------------------------------------------------------------------------------------------------------------------------------------------------------------------------------------------------------------------------------------------------------------------------------------------------
|      0       |         3.91%          |          0.00%           |  9.62%   |     0.00%      |  37.50% | 6.25%  |  0.00%  | 0.00% |   9.38%    |   0.00%   |   0.00%   | 0.00% |         37.50%         |         6.25%          |      12.50%     |         4.69%         |       0.00%        |        0.00%        |        0.00%        |      50.00%     |
|      1       |         3.12%          |          0.00%           |  0.00%   |     0.00%      |  18.75% | 0.00%  |  0.00%  | 0.00% |   9.38%    |   0.00%   |   0.00%   | 0.00% |         18.75%         |         0.00%          |      31.25%     |         0.00%         |       0.00%        |        0.00%        |        0.00%        |      31.25%     |
|      2       |         3.12%          |          0.00%           |  5.77%   |     33.33%     |  12.50% | 0.00%  |  0.00%  | 0.00% |   6.25%    |   0.00%   |   0.00%   | 0.00% |         6.25%          |         12.50%         |      6.25%      |         3.12%         |       0.00%        |        0.00%        |        0.00%        |      18.75%     |
|      3       |         11.72%         |          0.00%           |  13.46%  |     66.67%     |  25.00% | 2.50%  |  4.17%  | 0.00% |   9.38%    |   25.00%  |   0.00%   | 0.00% |         12.50%         |         25.00%         |      6.25%      |         8.59%         |       0.00%        |        0.00%        |        0.00%        |      25.00%     |
|      4       |         5.47%          |          0.00%           |  2.88%   |     16.67%     |  12.50% | 2.50%  |  4.17%  | 0.00% |   6.25%    |   25.00%  |   0.00%   | 0.00% |         6.25%          |         12.50%         |      6.25%      |         3.12%         |       0.00%        |        0.00%        |        0.00%        |      12.50%     |
|      5       |         6.25%          |          0.00%           |  2.88%   |     16.67%     |  12.50% | 2.50%  |  4.17%  | 0.00% |   9.38%    |   25.00%  |   0.00%   | 0.00% |         6.25%          |         12.50%         |      12.50%     |         3.12%         |       0.00%        |        0.00%        |        0.00%        |      18.75%     |
|      6       |         9.38%          |          0.00%           |  8.65%   |     50.00%     |  18.75% | 2.50%  |  4.17%  | 0.00% |   9.38%    |   25.00%  |   0.00%   | 0.00% |         18.75%         |         18.75%         |      18.75%     |         4.69%         |       0.00%        |        0.00%        |        0.00%        |      25.00%     |
|      7       |         7.81%          |          0.00%           |  5.77%   |     33.33%     |  12.50% | 2.50%  |  4.17%  | 0.00% |   6.25%    |   25.00%  |   0.00%   | 0.00% |         12.50%         |         12.50%         |      6.25%      |         3.12%         |       0.00%        |        0.00%        |        0.00%        |      12.50%     |
|      8       |         7.81%          |          0.00%           |  5.77%   |     33.33%     |  12.50% | 2.50%  |  4.17%  | 0.00% |   9.38%    |   25.00%  |   0.00%   | 0.00% |         6.25%          |         12.50%         |      12.50%     |         3.12%         |       0.00%        |        0.00%        |        0.00%        |      18.75%     |
|      9       |         2.34%          |          0.00%           |  0.00%   |     0.00%      |  6.25%  | 0.00%  |  0.00%  | 0.00% |   6.25%    |   0.00%   |   0.00%   | 0.00% |         6.25%          |         0.00%          |      12.50%     |         0.00%         |       0.00%        |        0.00%        |        0.00%        |      12.50%     |
|      10      |         6.25%          |          0.00%           |  7.69%   |     33.33%     |  50.00% | 11.25% |  18.75% | 0.00% |   9.38%    |   25.00%  |   0.00%   | 0.00% |         43.75%         |         31.25%         |      31.25%     |         3.12%         |       0.00%        |        0.00%        |        0.00%        |      50.00%     |
|      11      |         7.81%          |          0.00%           |  11.54%  |     50.00%     |  18.75% | 11.25% |  18.75% | 0.00% |   6.25%    |   25.00%  |   0.00%   | 0.00% |         12.50%         |         18.75%         |      0.00%      |         1.56%         |       0.00%        |        0.00%        |        0.00%        |      18.75%     |
|      12      |         1.56%          |          0.00%           |  0.00%   |     0.00%      |  12.50% | 0.00%  |  0.00%  | 0.00% |   6.25%    |   0.00%   |   0.00%   | 0.00% |         12.50%         |         0.00%          |      12.50%     |         0.00%         |       0.00%        |        0.00%        |        0.00%        |      12.50%     |
|      13      |         1.56%          |          0.00%           |  0.00%   |     0.00%      |  12.50% | 0.00%  |  0.00%  | 0.00% |   6.25%    |   0.00%   |   0.00%   | 0.00% |         12.50%         |         0.00%          |      12.50%     |         0.00%         |       0.00%        |        0.00%        |        0.00%        |      18.75%     |
|      14      |         2.34%          |          0.00%           |  0.00%   |     0.00%      |  25.00% | 0.00%  |  0.00%  | 0.00% |   25.00%   |   0.00%   |   0.00%   | 0.00% |         25.00%         |         0.00%          |      93.75%     |         0.00%         |       0.00%        |        0.00%        |        0.00%        |     100.00%     |
|      15      |         0.00%          |          10.61%          |  0.00%   |     0.00%      |  0.00%  | 2.50%  |  0.00%  | 8.33% |   15.62%   |   0.00%   |   0.00%   | 0.00% |         0.00%          |         0.00%          |      12.50%     |         4.69%         |       0.00%        |        0.00%        |        0.00%        |      12.50%     |
|      16      |         0.00%          |          0.00%           |  0.00%   |     0.00%      |  0.00%  | 0.00%  |  0.00%  | 0.00% |   3.12%    |   0.00%   |   0.00%   | 0.00% |         0.00%          |         0.00%          |      6.25%      |         0.00%         |       0.00%        |        0.00%        |        0.00%        |      6.25%      |
|      17      |         0.00%          |          0.00%           |  0.00%   |     0.00%      |  0.00%  | 0.00%  |  0.00%  | 0.00% |   3.12%    |   0.00%   |   0.00%   | 0.00% |         0.00%          |         0.00%          |      6.25%      |         0.00%         |       0.00%        |        0.00%        |        0.00%        |      6.25%      |
|      18      |         0.00%          |          0.00%           |  0.00%   |     0.00%      |  0.00%  | 0.00%  |  0.00%  | 0.00% |   0.00%    |   0.00%   |   0.00%   | 0.00% |         0.00%          |         0.00%          |      0.00%      |         0.00%         |       0.00%        |        0.00%        |        0.00%        |      0.00%      |
|      19      |         0.00%          |          0.00%           |  0.00%   |     0.00%      |  0.00%  | 0.00%  |  0.00%  | 0.00% |   0.00%    |   0.00%   |   0.00%   | 0.00% |         0.00%          |         0.00%          |      0.00%      |         0.00%         |       0.00%        |        0.00%        |        0.00%        |      0.00%      |
|              |                        |                          |          |                |         |        |         |       |            |           |           |       |                        |                        |                 |                       |                    |                     |                     |                 |
|   Average    |         4.47%          |          0.59%           |  4.11%   |     18.52%     |  15.97% | 2.57%  |  3.47%  | 0.46% |   8.68%    |   11.11%  |   0.00%   | 0.00% |         13.19%         |         9.03%          |      16.67%     |         2.39%         |       0.00%        |        0.00%        |        0.00%        |      25.00%     |
------------------------------------------------------------------------------------------------------------------------------------------------------------------------------------------------------------------------------------------------------------------------------------------------------------------------------------------------------------------


Allocated Resource Usage
---------------------------------------------------------------------------------------------------------------------------------------------------------------
|                       Table                        | Stage  | Crossbar | Hash | Gateways | RAMs | TCAMs | Map  | Action |  VLIW |  Exm   |  Exm   |  Tind  |
|                        Name                        | Number |  Bytes   | Bits |          |      |       | RAMs |  Data  | Slots | Search | Result | Result |
|                                                    |        |          |      |          |      |       |      |  Bus   |       |  Bus   |  Bus   |  Bus   |
|                                                    |        |          |      |          |      |       |      | Bytes  |       |        |        |        |
---------------------------------------------------------------------------------------------------------------------------------------------------------------
|            IngressParser.$PORT_METADATA            |   -1   |    0     |  0   |    0     |  0   |   0   |  0   |   0    |   0   |   0    |   0    |   0    |
|           Ingress.ingress_port_to_nf_dev           |   0    |    2     |  40  |    0     |  4   |   0   |  0   |   6    |   3   |   1    |   1    |   0    |
|       Ingress.ingress_port_to_nf_dev$action        |   0    |    0     |  0   |    0     |  1   |   0   |  0   |   0    |   0   |   0    |   0    |   0    |
|                      cond-33                       |   0    |    2     |  0   |    1     |  0   |   0   |  0   |   0    |   0   |   1    |   0    |   0    |
|                      cond-34                       |   0    |    1     |  0   |    1     |  0   |   0   |  0   |   0    |   0   |   1    |   0    |   0    |
|                      cond-35                       |   0    |    1     |  0   |    1     |  0   |   0   |  0   |   0    |   0   |   1    |   0    |   0    |
|                      cond-36                       |   0    |    1     |  0   |    1     |  0   |   0   |  0   |   0    |   0   |   1    |   0    |   0    |
|                      cond-37                       |   0    |    1     |  0   |    1     |  0   |   0   |  0   |   0    |   0   |   1    |   0    |   0    |
|                      cond-38                       |   0    |    1     |  0   |    1     |  0   |   0   |  0   |   0    |   0   |   1    |   0    |   0    |
|      tbl_kvsf40000c1000000zipf0_8hmaxtput720       |   0    |    0     |  0   |    0     |  0   |   0   |  0   |   0    |   1   |   0    |   0    |   1    |
|      tbl_kvsf40000c1000000zipf0_8hmaxtput873       |   0    |    0     |  0   |    0     |  0   |   0   |  0   |   0    |   1   |   0    |   0    |   1    |
|                      cond-39                       |   1    |    2     |  0   |    1     |  0   |   0   |  0   |   0    |   0   |   1    |   0    |   0    |
|                      cond-40                       |   1    |    1     |  0   |    1     |  0   |   0   |  0   |   0    |   0   |   1    |   0    |   0    |
|                      cond-41                       |   1    |    1     |  0   |    1     |  0   |   0   |  0   |   0    |   0   |   1    |   0    |   0    |
|                tbl_build_cuckoo_hdr                |   1    |    0     |  0   |    0     |  0   |   0   |  0   |   0    |   1   |   0    |   0    |   1    |
|      tbl_kvsf40000c1000000zipf0_8hmaxtput760       |   1    |    0     |  0   |    0     |  0   |   0   |  0   |   0    |   1   |   0    |   0    |   1    |
|      tbl_kvsf40000c1000000zipf0_8hmaxtput762       |   1    |    0     |  0   |    0     |  0   |   0   |  0   |   0    |   1   |   0    |   0    |   1    |
|      tbl_kvsf40000c1000000zipf0_8hmaxtput851       |   1    |    0     |  0   |    0     |  0   |   0   |  0   |   0    |   1   |   0    |   0    |   1    |
|     tbl_kvsf40000c1000000zipf0_8hmaxtput851_0      |   1    |    0     |  0   |    0     |  0   |   0   |  0   |   0    |   1   |   0    |   0    |   1    |
|       tbl_cuckoo_hash_table_calc_cuckoo_hash       |   2    |    4     |  12  |    0     |  0   |   0   |  0   |   2    |   1   |   0    |   1    |   0    |
|   tbl_cuckoo_hash_table_calc_cuckoo_hash-gateway   |   2    |    0     |  0   |    1     |  0   |   0   |  0   |   0    |   0   |   1    |   0    |   0    |
|     tbl_cuckoo_hash_table_calc_cuckoo_hash_2_r     |   2    |    4     |  12  |    0     |  0   |   0   |  0   |   2    |   1   |   0    |   1    |   0    |
| tbl_cuckoo_hash_table_calc_cuckoo_hash_2_r-gateway |   2    |    0     |  0   |    1     |  0   |   0   |  0   |   0    |   0   |   1    |   0    |   0    |
|      tbl_kvsf40000c1000000zipf0_8hmaxtput399       |   2    |    0     |  0   |    0     |  0   |   0   |  0   |   0    |   1   |   0    |   0    |   1    |
|         Ingress.cuckoo_hash_table.reg_k_1          |   3    |    4     |  0   |    0     |  2   |   0   |  2   |   0    |   0   |   0    |   0    |   0    |
|                      cond-42                       |   3    |    1     |  0   |    1     |  0   |   0   |  0   |   0    |   0   |   1    |   0    |   1    |
|                      tbl_act                       |   3    |    2     |  12  |    0     |  0   |   0   |  0   |   4    |   1   |   0    |   1    |   0    |
|      tbl_cuckoo_hash_table_calc_cuckoo_hash_0      |   3    |    4     |  12  |    0     |  0   |   0   |  0   |   3    |   1   |   0    |   1    |   0    |
|  tbl_cuckoo_hash_table_calc_cuckoo_hash_0-gateway  |   3    |    0     |  0   |    1     |  0   |   0   |  0   |   0    |   0   |   1    |   0    |   0    |
|      tbl_kvsf40000c1000000zipf0_8hmaxtput425       |   3    |    0     |  0   |    0     |  0   |   0   |  0   |   4    |   1   |   0    |   1    |   0    |
|  tbl_kvsf40000c1000000zipf0_8hmaxtput425-gateway   |   3    |    0     |  0   |    1     |  0   |   0   |  0   |   0    |   0   |   1    |   0    |   0    |
|      tbl_kvsf40000c1000000zipf0_8hmaxtput504       |   3    |    8     |  32  |    0     |  0   |   0   |  0   |   4    |   1   |   0    |   1    |   0    |
|  tbl_kvsf40000c1000000zipf0_8hmaxtput504-gateway   |   3    |    0     |  0   |    1     |  0   |   0   |  0   |   0    |   0   |   1    |   0    |   0    |
|         Ingress.cuckoo_hash_table.reg_ts_1         |   4    |    4     |  0   |    0     |  2   |   0   |  2   |   0    |   0   |   0    |   0    |   0    |
|                      cond-43                       |   4    |    1     |  0   |    1     |  0   |   0   |  0   |   0    |   0   |   1    |   0    |   1    |
|                     tbl_act_0                      |   4    |    0     |  0   |    0     |  0   |   0   |  0   |   4    |   1   |   0    |   1    |   0    |
|      tbl_kvsf40000c1000000zipf0_8hmaxtput426       |   4    |    2     |  12  |    0     |  0   |   0   |  0   |   4    |   1   |   0    |   1    |   0    |
|  tbl_kvsf40000c1000000zipf0_8hmaxtput426-gateway   |   4    |    0     |  0   |    1     |  0   |   0   |  0   |   0    |   0   |   1    |   0    |   0    |
|         Ingress.cuckoo_hash_table.reg_v_1          |   5    |    5     |  0   |    0     |  2   |   0   |  2   |   0    |   0   |   0    |   0    |   0    |
|                      cond-44                       |   5    |    1     |  0   |    1     |  0   |   0   |  0   |   0    |   0   |   1    |   0    |   1    |
|           tbl_cuckoo_hash_table_ts_diff            |   5    |    0     |  0   |    0     |  0   |   0   |  0   |   0    |   1   |   0    |   0    |   1    |
|      tbl_kvsf40000c1000000zipf0_8hmaxtput410       |   5    |    2     |  12  |    0     |  0   |   0   |  0   |   4    |   1   |   0    |   1    |   0    |
|      tbl_kvsf40000c1000000zipf0_8hmaxtput427       |   5    |    0     |  0   |    0     |  0   |   0   |  0   |   4    |   1   |   0    |   1    |   0    |
|  tbl_kvsf40000c1000000zipf0_8hmaxtput427-gateway   |   5    |    0     |  0   |    1     |  0   |   0   |  0   |   0    |   0   |   1    |   0    |   0    |
|         Ingress.cuckoo_hash_table.reg_k_2          |   6    |    4     |  0   |    0     |  2   |   0   |  2   |   0    |   0   |   0    |   0    |   0    |
|                      cond-45                       |   6    |    1     |  0   |    1     |  0   |   0   |  0   |   0    |   0   |   1    |   0    |   1    |
|                      cond-48                       |   6    |    3     |  0   |    1     |  0   |   0   |  0   |   0    |   0   |   1    |   0    |   1    |
|                     tbl_act_1                      |   6    |    2     |  12  |    0     |  0   |   0   |  0   |   4    |   1   |   0    |   1    |   0    |
|      tbl_kvsf40000c1000000zipf0_8hmaxtput433       |   6    |    2     |  12  |    0     |  0   |   0   |  0   |   4    |   1   |   0    |   1    |   0    |
|  tbl_kvsf40000c1000000zipf0_8hmaxtput433-gateway   |   6    |    0     |  0   |    1     |  0   |   0   |  0   |   0    |   0   |   1    |   0    |   0    |
|      tbl_kvsf40000c1000000zipf0_8hmaxtput434       |   6    |    2     |  12  |    0     |  0   |   0   |  0   |   2    |   1   |   0    |   1    |   0    |
|      tbl_kvsf40000c1000000zipf0_8hmaxtput447       |   6    |    0     |  0   |    0     |  0   |   0   |  0   |   0    |   1   |   0    |   0    |   1    |
|         Ingress.cuckoo_hash_table.reg_ts_2         |   7    |    4     |  0   |    0     |  2   |   0   |  2   |   0    |   0   |   0    |   0    |   0    |
|                      cond-46                       |   7    |    1     |  0   |    1     |  0   |   0   |  0   |   0    |   0   |   1    |   0    |   1    |
|                     tbl_act_2                      |   7    |    2     |  12  |    0     |  0   |   0   |  0   |   4    |   1   |   0    |   1    |   0    |
|      tbl_kvsf40000c1000000zipf0_8hmaxtput434       |   7    |    2     |  12  |    0     |  0   |   0   |  0   |   4    |   1   |   0    |   1    |   0    |
|  tbl_kvsf40000c1000000zipf0_8hmaxtput434-gateway   |   7    |    1     |  0   |    1     |  0   |   0   |  0   |   0    |   0   |   1    |   0    |   0    |
|         Ingress.cuckoo_hash_table.reg_v_2          |   8    |    5     |  0   |    0     |  2   |   0   |  2   |   0    |   0   |   0    |   0    |   0    |
|                      cond-47                       |   8    |    1     |  0   |    1     |  0   |   0   |  0   |   0    |   0   |   1    |   0    |   1    |
|          tbl_cuckoo_hash_table_ts_diff_0           |   8    |    0     |  0   |    0     |  0   |   0   |  0   |   0    |   1   |   0    |   0    |   1    |
|      tbl_kvsf40000c1000000zipf0_8hmaxtput418       |   8    |    2     |  12  |    0     |  0   |   0   |  0   |   4    |   1   |   0    |   1    |   0    |
|      tbl_kvsf40000c1000000zipf0_8hmaxtput435       |   8    |    2     |  12  |    0     |  0   |   0   |  0   |   4    |   1   |   0    |   1    |   0    |
|  tbl_kvsf40000c1000000zipf0_8hmaxtput435-gateway   |   8    |    0     |  0   |    1     |  0   |   0   |  0   |   0    |   0   |   1    |   0    |   0    |
|                      cond-49                       |   9    |    3     |  0   |    1     |  0   |   0   |  0   |   0    |   0   |   1    |   0    |   0    |
|      tbl_kvsf40000c1000000zipf0_8hmaxtput441       |   9    |    0     |  0   |    0     |  0   |   0   |  0   |   0    |   1   |   0    |   0    |   1    |
|      tbl_kvsf40000c1000000zipf0_8hmaxtput443       |   9    |    0     |  0   |    0     |  0   |   0   |  0   |   0    |   1   |   0    |   0    |   1    |
|   Ingress.cuckoo_bloom_filter.swapped_transient    |   10   |    0     |  0   |    0     |  9   |   0   |  9   |   0    |   0   |   0    |   0    |   0    |
|                      cond-50                       |   10   |    1     |  0   |    1     |  0   |   0   |  0   |   0    |   0   |   1    |   0    |   0    |
|                      cond-51                       |   10   |    1     |  0   |    1     |  0   |   0   |  0   |   0    |   0   |   1    |   0    |   1    |
|                      cond-52                       |   10   |    1     |  0   |    1     |  0   |   0   |  0   |   0    |   0   |   1    |   0    |   1    |
|                      cond-54                       |   10   |    1     |  0   |    1     |  0   |   0   |  0   |   0    |   0   |   1    |   0    |   0    |
|                      cond-55                       |   10   |    1     |  0   |    1     |  0   |   0   |  0   |   0    |   0   |   1    |   0    |   1    |
|                      cond-57                       |   10   |    1     |  0   |    1     |  0   |   0   |  0   |   0    |   0   |   1    |   0    |   1    |
|                      cond-58                       |   10   |    1     |  0   |    1     |  0   |   0   |  0   |   0    |   0   |   1    |   0    |   0    |
|      tbl_kvsf40000c1000000zipf0_8hmaxtput509       |   10   |    0     |  0   |    0     |  0   |   0   |  0   |   4    |   1   |   0    |   1    |   0    |
|      tbl_kvsf40000c1000000zipf0_8hmaxtput512       |   10   |    2     |  16  |    0     |  0   |   0   |  0   |   4    |   1   |   0    |   1    |   0    |
|      tbl_kvsf40000c1000000zipf0_8hmaxtput520       |   10   |    0     |  0   |    0     |  0   |   0   |  0   |   4    |   1   |   0    |   1    |   0    |
|  tbl_kvsf40000c1000000zipf0_8hmaxtput520-gateway   |   10   |    0     |  0   |    1     |  0   |   0   |  0   |   0    |   0   |   1    |   0    |   0    |
|      tbl_kvsf40000c1000000zipf0_8hmaxtput523       |   10   |    2     |  16  |    0     |  0   |   0   |  0   |   4    |   1   |   0    |   1    |   0    |
|      tbl_kvsf40000c1000000zipf0_8hmaxtput531       |   10   |    0     |  0   |    0     |  0   |   0   |  0   |   4    |   1   |   0    |   1    |   0    |
|      tbl_kvsf40000c1000000zipf0_8hmaxtput533       |   10   |    0     |  0   |    0     |  0   |   0   |  0   |   0    |   1   |   0    |   0    |   1    |
|     Ingress.cuckoo_bloom_filter.swap_transient     |   11   |    2     |  0   |    0     |  9   |   0   |  9   |   0    |   0   |   0    |   0    |   0    |
|                     tbl_act_3                      |   11   |    2     |  16  |    0     |  0   |   0   |  0   |   2    |   1   |   0    |   1    |   0    |
|                 tbl_act_3-gateway                  |   11   |    0     |  0   |    1     |  0   |   0   |  0   |   0    |   0   |   1    |   0    |   0    |
|      tbl_kvsf40000c1000000zipf0_8hmaxtput524       |   11   |    2     |  16  |    0     |  0   |   0   |  0   |   2    |   1   |   0    |   1    |   0    |
|  tbl_kvsf40000c1000000zipf0_8hmaxtput524-gateway   |   11   |    0     |  0   |    1     |  0   |   0   |  0   |   0    |   0   |   1    |   0    |   0    |
|      tbl_kvsf40000c1000000zipf0_8hmaxtput535       |   11   |    4     |  16  |    0     |  0   |   0   |  0   |   2    |   1   |   0    |   1    |   0    |
|  tbl_kvsf40000c1000000zipf0_8hmaxtput535-gateway   |   11   |    0     |  0   |    1     |  0   |   0   |  0   |   0    |   0   |   1    |   0    |   0    |
|                      cond-53                       |   12   |    1     |  0   |    1     |  0   |   0   |  0   |   0    |   0   |   1    |   0    |   0    |
|                      cond-56                       |   12   |    1     |  0   |    1     |  0   |   0   |  0   |   0    |   0   |   1    |   0    |   0    |
|      tbl_kvsf40000c1000000zipf0_8hmaxtput515       |   12   |    0     |  0   |    0     |  0   |   0   |  0   |   0    |   1   |   0    |   0    |   1    |
|      tbl_kvsf40000c1000000zipf0_8hmaxtput526       |   12   |    0     |  0   |    0     |  0   |   0   |  0   |   0    |   1   |   0    |   0    |   1    |
|                      cond-59                       |   13   |    1     |  0   |    1     |  0   |   0   |  0   |   0    |   0   |   1    |   0    |   0    |
|                      cond-60                       |   13   |    1     |  0   |    1     |  0   |   0   |  0   |   0    |   0   |   1    |   0    |   0    |
|      tbl_kvsf40000c1000000zipf0_8hmaxtput541       |   13   |    0     |  0   |    0     |  0   |   0   |  0   |   0    |   1   |   0    |   0    |   1    |
|      tbl_kvsf40000c1000000zipf0_8hmaxtput543       |   13   |    0     |  0   |    0     |  0   |   0   |  0   |   0    |   1   |   0    |   0    |   1    |
|                      cond-61                       |   14   |    1     |  0   |    1     |  0   |   0   |  0   |   0    |   0   |   1    |   0    |   0    |
|                      cond-62                       |   14   |    1     |  0   |    1     |  0   |   0   |  0   |   0    |   0   |   1    |   0    |   0    |
|                      cond-63                       |   14   |    1     |  0   |    1     |  0   |   0   |  0   |   0    |   0   |   1    |   0    |   0    |
|                      cond-64                       |   14   |    1     |  0   |    1     |  0   |   0   |  0   |   0    |   0   |   1    |   0    |   0    |
|                tbl_build_recirc_hdr                |   14   |    0     |  0   |    0     |  0   |   0   |  0   |   0    |   1   |   0    |   0    |   1    |
|      tbl_kvsf40000c1000000zipf0_8hmaxtput784       |   14   |    0     |  0   |    0     |  0   |   0   |  0   |   0    |   1   |   0    |   0    |   1    |
|      tbl_kvsf40000c1000000zipf0_8hmaxtput796       |   14   |    0     |  0   |    0     |  0   |   0   |  0   |   0    |   1   |   0    |   0    |   1    |
|      tbl_kvsf40000c1000000zipf0_8hmaxtput803       |   14   |    0     |  0   |    0     |  0   |   0   |  0   |   0    |   1   |   0    |   0    |   1    |
|     tbl_kvsf40000c1000000zipf0_8hmaxtput803_0      |   14   |    0     |  0   |    0     |  0   |   0   |  0   |   0    |   1   |   0    |   0    |   1    |
|      tbl_kvsf40000c1000000zipf0_8hmaxtput819       |   14   |    0     |  0   |    0     |  0   |   0   |  0   |   0    |   1   |   0    |   0    |   1    |
|      tbl_kvsf40000c1000000zipf0_8hmaxtput832       |   14   |    0     |  0   |    0     |  0   |   0   |  0   |   0    |   1   |   0    |   0    |   1    |
|      tbl_kvsf40000c1000000zipf0_8hmaxtput839       |   14   |    0     |  0   |    0     |  0   |   0   |  0   |   0    |   1   |   0    |   0    |   1    |
|     tbl_kvsf40000c1000000zipf0_8hmaxtput839_0      |   14   |    0     |  0   |    0     |  0   |   0   |  0   |   0    |   1   |   0    |   0    |   1    |
|                 tbl_swap_action_0                  |   14   |    0     |  0   |    0     |  0   |   0   |  0   |   0    |   1   |   0    |   0    |   1    |
|                 tbl_swap_action_1                  |   14   |    0     |  0   |    0     |  0   |   0   |  0   |   0    |   1   |   0    |   0    |   1    |
|                 tbl_swap_action_2                  |   14   |    0     |  0   |    0     |  0   |   0   |  0   |   0    |   1   |   0    |   0    |   1    |
|                 tbl_swap_action_5                  |   14   |    0     |  0   |    0     |  0   |   0   |  0   |   0    |   1   |   0    |   0    |   1    |
|                 tbl_swap_action_6                  |   14   |    0     |  0   |    0     |  0   |   0   |  0   |   0    |   1   |   0    |   0    |   1    |
|                 tbl_swap_action_7                  |   14   |    0     |  0   |    0     |  0   |   0   |  0   |   0    |   1   |   0    |   0    |   1    |
|               Ingress.forwarding_tbl               |   15   |    7     |  0   |    0     |  1   |   2   |  0   |   6    |   4   |   0    |   0    |   1    |
|           Ingress.forwarding_tbl$action            |   15   |    0     |  0   |    0     |  1   |   0   |  0   |   0    |   0   |   0    |   0    |   0    |
|     tbl_kvsf40000c1000000zipf0_8hmaxtput819_0      |   15   |    0     |  0   |    0     |  0   |   0   |  0   |   0    |   1   |   0    |   0    |   1    |
|     tbl_kvsf40000c1000000zipf0_8hmaxtput819_1      |   16   |    0     |  0   |    0     |  0   |   0   |  0   |   0    |   1   |   0    |   0    |   1    |
|     tbl_kvsf40000c1000000zipf0_8hmaxtput819_2      |   17   |    0     |  0   |    0     |  0   |   0   |  0   |   0    |   1   |   0    |   0    |   1    |
---------------------------------------------------------------------------------------------------------------------------------------------------------------

