+---------------------------------------------------------------------+
|  Log file: mau.resources.log                                        |
|  Compiler version: 9.13.4                                           |
|  Created on: Sat Oct  3 15:03:49 2026                               |
|  Run ID: 77855e52b1054f09                                           |
+---------------------------------------------------------------------+


---------------------------------------------------------------------------------------------------------------------------------------------------------------------------------------------------------------------------------------------------------------------------------------------------------------------------------------------------------------
| Stage Number | Exact Match Input xbar | Ternary Match Input xbar | Hash Bit | Hash Dist Unit | Gateway | SRAM | Map RAM | TCAM | VLIW Instr | Meter ALU | Stats ALU | Stash | Exact Match Search Bus | Exact Match Result Bus | Tind Result Bus | Action Data Bus Bytes | 8-bit Action Slots | 16-bit Action Slots | 32-bit Action Slots | Logical TableID |
---------------------------------------------------------------------------------------------------------------------------------------------------------------------------------------------------------------------------------------------------------------------------------------------------------------------------------------------------------------
|      0       |           5            |            0             |    40    |       0        |    4    |  4   |    0    |  0   |     4      |     0     |     0     |   0   |           4            |           1            |        3        |           8           |         0          |          0          |          0          |        6        |
|      1       |           25           |            0             |   106    |       0        |    9    |  73  |    48   |  0   |     7      |     0     |     0     |   0   |           12           |           3            |        7        |           8           |         0          |          0          |          0          |        11       |
|      2       |           17           |            0             |    92    |       0        |    2    |  48  |    48   |  0   |     3      |     0     |     0     |   0   |           4            |           2            |        4        |           4           |         0          |          0          |          0          |        6        |
|      3       |           9            |            65            |    86    |       0        |    1    |  23  |    48   |  24  |     2      |     0     |     0     |   0   |           3            |           2            |        2        |           5           |         0          |          0          |          0          |        5        |
|      4       |           4            |            65            |    16    |       1        |    1    |  1   |    0    |  24  |     3      |     0     |     0     |   0   |           1            |           1            |        2        |           7           |         0          |          0          |          0          |        4        |
|      5       |           1            |            4             |    0     |       0        |    1    |  1   |    0    |  4   |     2      |     0     |     0     |   0   |           1            |           0            |        3        |           0           |         0          |          0          |          0          |        3        |
|      6       |           13           |            0             |    75    |       1        |    2    |  56  |    38   |  0   |     2      |     1     |     0     |   0   |           2            |           2            |        3        |           4           |         0          |          0          |          0          |        4        |
|      7       |           5            |            0             |    44    |       0        |    1    |  17  |    36   |  0   |     4      |     0     |     0     |   0   |           2            |           1            |        6        |           8           |         0          |          0          |          0          |        7        |
|      8       |           15           |            0             |    62    |       3        |    3    |  17  |    17   |  0   |     2      |     1     |     0     |   0   |           2            |           3            |        0        |           4           |         0          |          0          |          0          |        3        |
|      9       |           16           |            0             |    46    |       2        |    4    |  4   |    4    |  0   |     2      |     2     |     0     |   0   |           2            |           4            |        0        |           0           |         0          |          0          |          0          |        4        |
|      10      |           0            |            7             |    0     |       0        |    0    |  2   |    0    |  2   |     4      |     0     |     0     |   0   |           0            |           0            |        1        |           14          |         0          |          0          |          0          |        1        |
|      11      |           1            |            0             |    0     |       0        |    2    |  0   |    0    |  0   |     2      |     0     |     0     |   0   |           2            |           0            |        2        |           0           |         0          |          0          |          0          |        2        |
|      12      |           0            |            0             |    0     |       0        |    0    |  0   |    0    |  0   |     0      |     0     |     0     |   0   |           0            |           0            |        0        |           0           |         0          |          0          |          0          |        0        |
|      13      |           0            |            0             |    0     |       0        |    0    |  0   |    0    |  0   |     0      |     0     |     0     |   0   |           0            |           0            |        0        |           0           |         0          |          0          |          0          |        0        |
|      14      |           0            |            0             |    0     |       0        |    0    |  0   |    0    |  0   |     0      |     0     |     0     |   0   |           0            |           0            |        0        |           0           |         0          |          0          |          0          |        0        |
|      15      |           0            |            0             |    0     |       0        |    0    |  0   |    0    |  0   |     0      |     0     |     0     |   0   |           0            |           0            |        0        |           0           |         0          |          0          |          0          |        0        |
|      16      |           0            |            0             |    0     |       0        |    0    |  0   |    0    |  0   |     0      |     0     |     0     |   0   |           0            |           0            |        0        |           0           |         0          |          0          |          0          |        0        |
|      17      |           0            |            0             |    0     |       0        |    0    |  0   |    0    |  0   |     0      |     0     |     0     |   0   |           0            |           0            |        0        |           0           |         0          |          0          |          0          |        0        |
|      18      |           0            |            0             |    0     |       0        |    0    |  0   |    0    |  0   |     0      |     0     |     0     |   0   |           0            |           0            |        0        |           0           |         0          |          0          |          0          |        0        |
|      19      |           0            |            0             |    0     |       0        |    0    |  0   |    0    |  0   |     0      |     0     |     0     |   0   |           0            |           0            |        0        |           0           |         0          |          0          |          0          |        0        |
|              |                        |                          |          |                |         |      |         |      |            |           |           |       |                        |                        |                 |                       |                    |                     |                     |                 |
|    Totals    |          111           |           141            |   567    |       7        |    30   | 246  |   239   |  54  |     37     |     4     |     0     |   0   |           35           |           19           |        33       |           62          |         0          |          0          |          0          |        56       |
---------------------------------------------------------------------------------------------------------------------------------------------------------------------------------------------------------------------------------------------------------------------------------------------------------------------------------------------------------------


--------------------------------------------------------------------------------------------------------------------------------------------------------------------------------------------------------------------------------------------------------------------------------------------------------------------------------------------------------------------
| Stage Number | Exact Match Input xbar | Ternary Match Input xbar | Hash Bit | Hash Dist Unit | Gateway |  SRAM  | Map RAM |   TCAM  | VLIW Instr | Meter ALU | Stats ALU | Stash | Exact Match Search Bus | Exact Match Result Bus | Tind Result Bus | Action Data Bus Bytes | 8-bit Action Slots | 16-bit Action Slots | 32-bit Action Slots | Logical TableID |
--------------------------------------------------------------------------------------------------------------------------------------------------------------------------------------------------------------------------------------------------------------------------------------------------------------------------------------------------------------------
|      0       |         3.91%          |          0.00%           |  9.62%   |     0.00%      |  25.00% | 5.00%  |  0.00%  |  0.00%  |   12.50%   |   0.00%   |   0.00%   | 0.00% |         25.00%         |         6.25%          |      18.75%     |         6.25%         |       0.00%        |        0.00%        |        0.00%        |      37.50%     |
|      1       |         19.53%         |          0.00%           |  25.48%  |     0.00%      |  56.25% | 91.25% | 100.00% |  0.00%  |   21.88%   |   0.00%   |   0.00%   | 0.00% |         75.00%         |         18.75%         |      43.75%     |         6.25%         |       0.00%        |        0.00%        |        0.00%        |      68.75%     |
|      2       |         13.28%         |          0.00%           |  22.12%  |     0.00%      |  12.50% | 60.00% | 100.00% |  0.00%  |   9.38%    |   0.00%   |   0.00%   | 0.00% |         25.00%         |         12.50%         |      25.00%     |         3.12%         |       0.00%        |        0.00%        |        0.00%        |      37.50%     |
|      3       |         7.03%          |          98.48%          |  20.67%  |     0.00%      |  6.25%  | 28.75% | 100.00% | 100.00% |   6.25%    |   0.00%   |   0.00%   | 0.00% |         18.75%         |         12.50%         |      12.50%     |         3.91%         |       0.00%        |        0.00%        |        0.00%        |      31.25%     |
|      4       |         3.12%          |          98.48%          |  3.85%   |     16.67%     |  6.25%  | 1.25%  |  0.00%  | 100.00% |   9.38%    |   0.00%   |   0.00%   | 0.00% |         6.25%          |         6.25%          |      12.50%     |         5.47%         |       0.00%        |        0.00%        |        0.00%        |      25.00%     |
|      5       |         0.78%          |          6.06%           |  0.00%   |     0.00%      |  6.25%  | 1.25%  |  0.00%  |  16.67% |   6.25%    |   0.00%   |   0.00%   | 0.00% |         6.25%          |         0.00%          |      18.75%     |         0.00%         |       0.00%        |        0.00%        |        0.00%        |      18.75%     |
|      6       |         10.16%         |          0.00%           |  18.03%  |     16.67%     |  12.50% | 70.00% |  79.17% |  0.00%  |   6.25%    |   25.00%  |   0.00%   | 0.00% |         12.50%         |         12.50%         |      18.75%     |         3.12%         |       0.00%        |        0.00%        |        0.00%        |      25.00%     |
|      7       |         3.91%          |          0.00%           |  10.58%  |     0.00%      |  6.25%  | 21.25% |  75.00% |  0.00%  |   12.50%   |   0.00%   |   0.00%   | 0.00% |         12.50%         |         6.25%          |      37.50%     |         6.25%         |       0.00%        |        0.00%        |        0.00%        |      43.75%     |
|      8       |         11.72%         |          0.00%           |  14.90%  |     50.00%     |  18.75% | 21.25% |  35.42% |  0.00%  |   6.25%    |   25.00%  |   0.00%   | 0.00% |         12.50%         |         18.75%         |      0.00%      |         3.12%         |       0.00%        |        0.00%        |        0.00%        |      18.75%     |
|      9       |         12.50%         |          0.00%           |  11.06%  |     33.33%     |  25.00% | 5.00%  |  8.33%  |  0.00%  |   6.25%    |   50.00%  |   0.00%   | 0.00% |         12.50%         |         25.00%         |      0.00%      |         0.00%         |       0.00%        |        0.00%        |        0.00%        |      25.00%     |
|      10      |         0.00%          |          10.61%          |  0.00%   |     0.00%      |  0.00%  | 2.50%  |  0.00%  |  8.33%  |   12.50%   |   0.00%   |   0.00%   | 0.00% |         0.00%          |         0.00%          |      6.25%      |         10.94%        |       0.00%        |        0.00%        |        0.00%        |      6.25%      |
|      11      |         0.78%          |          0.00%           |  0.00%   |     0.00%      |  12.50% | 0.00%  |  0.00%  |  0.00%  |   6.25%    |   0.00%   |   0.00%   | 0.00% |         12.50%         |         0.00%          |      12.50%     |         0.00%         |       0.00%        |        0.00%        |        0.00%        |      12.50%     |
|      12      |         0.00%          |          0.00%           |  0.00%   |     0.00%      |  0.00%  | 0.00%  |  0.00%  |  0.00%  |   0.00%    |   0.00%   |   0.00%   | 0.00% |         0.00%          |         0.00%          |      0.00%      |         0.00%         |       0.00%        |        0.00%        |        0.00%        |      0.00%      |
|      13      |         0.00%          |          0.00%           |  0.00%   |     0.00%      |  0.00%  | 0.00%  |  0.00%  |  0.00%  |   0.00%    |   0.00%   |   0.00%   | 0.00% |         0.00%          |         0.00%          |      0.00%      |         0.00%         |       0.00%        |        0.00%        |        0.00%        |      0.00%      |
|      14      |         0.00%          |          0.00%           |  0.00%   |     0.00%      |  0.00%  | 0.00%  |  0.00%  |  0.00%  |   0.00%    |   0.00%   |   0.00%   | 0.00% |         0.00%          |         0.00%          |      0.00%      |         0.00%         |       0.00%        |        0.00%        |        0.00%        |      0.00%      |
|      15      |         0.00%          |          0.00%           |  0.00%   |     0.00%      |  0.00%  | 0.00%  |  0.00%  |  0.00%  |   0.00%    |   0.00%   |   0.00%   | 0.00% |         0.00%          |         0.00%          |      0.00%      |         0.00%         |       0.00%        |        0.00%        |        0.00%        |      0.00%      |
|      16      |         0.00%          |          0.00%           |  0.00%   |     0.00%      |  0.00%  | 0.00%  |  0.00%  |  0.00%  |   0.00%    |   0.00%   |   0.00%   | 0.00% |         0.00%          |         0.00%          |      0.00%      |         0.00%         |       0.00%        |        0.00%        |        0.00%        |      0.00%      |
|      17      |         0.00%          |          0.00%           |  0.00%   |     0.00%      |  0.00%  | 0.00%  |  0.00%  |  0.00%  |   0.00%    |   0.00%   |   0.00%   | 0.00% |         0.00%          |         0.00%          |      0.00%      |         0.00%         |       0.00%        |        0.00%        |        0.00%        |      0.00%      |
|      18      |         0.00%          |          0.00%           |  0.00%   |     0.00%      |  0.00%  | 0.00%  |  0.00%  |  0.00%  |   0.00%    |   0.00%   |   0.00%   | 0.00% |         0.00%          |         0.00%          |      0.00%      |         0.00%         |       0.00%        |        0.00%        |        0.00%        |      0.00%      |
|      19      |         0.00%          |          0.00%           |  0.00%   |     0.00%      |  0.00%  | 0.00%  |  0.00%  |  0.00%  |   0.00%    |   0.00%   |   0.00%   | 0.00% |         0.00%          |         0.00%          |      0.00%      |         0.00%         |       0.00%        |        0.00%        |        0.00%        |      0.00%      |
|              |                        |                          |          |                |         |        |         |         |            |           |           |       |                        |                        |                 |                       |                    |                     |                     |                 |
|   Average    |         7.23%          |          17.80%          |  11.36%  |     9.72%      |  15.62% | 25.62% |  41.49% |  18.75% |   9.64%    |   8.33%   |   0.00%   | 0.00% |         18.23%         |         9.90%          |      17.19%     |         4.04%         |       0.00%        |        0.00%        |        0.00%        |      29.17%     |
--------------------------------------------------------------------------------------------------------------------------------------------------------------------------------------------------------------------------------------------------------------------------------------------------------------------------------------------------------------------


Allocated Resource Usage
-----------------------------------------------------------------------------------------------------------------------------------------------------------------------
|                           Table                            | Stage  | Crossbar | Hash | Gateways | RAMs | TCAMs | Map  | Action |  VLIW |  Exm   |  Exm   |  Tind  |
|                            Name                            | Number |  Bytes   | Bits |          |      |       | RAMs |  Data  | Slots | Search | Result | Result |
|                                                            |        |          |      |          |      |       |      |  Bus   |       |  Bus   |  Bus   |  Bus   |
|                                                            |        |          |      |          |      |       |      | Bytes  |       |        |        |        |
-----------------------------------------------------------------------------------------------------------------------------------------------------------------------
|                IngressParser.$PORT_METADATA                |   -1   |    0     |  0   |    0     |  0   |   0   |  0   |   0    |   0   |   0    |   0    |   0    |
|               Ingress.ingress_port_to_nf_dev               |   0    |    2     |  40  |    0     |  4   |   0   |  0   |   4    |   4   |   1    |   1    |   0    |
|                          cond-22                           |   0    |    1     |  0   |    1     |  0   |   0   |  0   |   0    |   0   |   1    |   0    |   0    |
|                          cond-23                           |   0    |    2     |  0   |    1     |  0   |   0   |  0   |   0    |   0   |   1    |   0    |   0    |
|                          cond-24                           |   0    |    1     |  0   |    1     |  0   |   0   |  0   |   0    |   0   |   1    |   0    |   0    |
|                          cond-25                           |   0    |    1     |  0   |    1     |  0   |   0   |  0   |   0    |   0   |   1    |   0    |   0    |
|          tbl_meta4f40000c1000zipf0_2hmaxtput1364           |   0    |    0     |  0   |    0     |  0   |   0   |  0   |   4    |   1   |   0    |   0    |   1    |
|          tbl_meta4f40000c1000zipf0_2hmaxtput1370           |   0    |    0     |  0   |    0     |  0   |   0   |  0   |   0    |   1   |   0    |   0    |   1    |
|          tbl_meta4f40000c1000zipf0_2hmaxtput1637           |   0    |    0     |  0   |    0     |  0   |   0   |  0   |   0    |   1   |   0    |   0    |   1    |
|                   Ingress.dns_name_build                   |   1    |    1     |  10  |    0     |  1   |   0   |  0   |   0    |   5   |   1    |   1    |   0    |
|            Ingress.map_table_1247687991296_136             |   1    |    8     |  52  |    0     |  36  |   0   |  36  |   4    |   2   |   1    |   1    |   0    |
|         Ingress.map_table_1247687991296_136$action         |   1    |    0     |  0   |    0     |  18  |   0   |  0   |   0    |   0   |   0    |   0    |   0    |
|             Ingress.map_table_1247687991296_50             |   1    |    8     |  44  |    0     |  12  |   0   |  12  |   4    |   2   |   1    |   1    |   0    |
|         Ingress.map_table_1247687991296_50$action          |   1    |    0     |  0   |    0     |  6   |   0   |  0   |   0    |   0   |   0    |   0    |   0    |
|                          cond-26                           |   1    |    1     |  0   |    1     |  0   |   0   |  0   |   0    |   0   |   1    |   0    |   0    |
|                          cond-27                           |   1    |    1     |  0   |    1     |  0   |   0   |  0   |   0    |   0   |   1    |   0    |   0    |
|                          cond-28                           |   1    |    1     |  0   |    1     |  0   |   0   |  0   |   0    |   0   |   1    |   0    |   1    |
|                          cond-29                           |   1    |    1     |  0   |    1     |  0   |   0   |  0   |   0    |   0   |   1    |   0    |   0    |
|                          cond-30                           |   1    |    1     |  0   |    1     |  0   |   0   |  0   |   0    |   0   |   1    |   0    |   1    |
|                          cond-32                           |   1    |    1     |  0   |    1     |  0   |   0   |  0   |   0    |   0   |   1    |   0    |   0    |
|                          cond-33                           |   1    |    1     |  0   |    1     |  0   |   0   |  0   |   0    |   0   |   1    |   0    |   0    |
|                          cond-34                           |   1    |    1     |  0   |    1     |  0   |   0   |  0   |   0    |   0   |   1    |   0    |   0    |
|                          cond-35                           |   1    |    1     |  0   |    1     |  0   |   0   |  0   |   0    |   0   |   1    |   0    |   0    |
|                         tbl_act_7                          |   1    |    0     |  0   |    0     |  0   |   0   |  0   |   0    |   1   |   0    |   0    |   1    |
|          tbl_meta4f40000c1000zipf0_2hmaxtput1553           |   1    |    0     |  0   |    0     |  0   |   0   |  0   |   0    |   1   |   0    |   0    |   1    |
|          tbl_meta4f40000c1000zipf0_2hmaxtput1561           |   1    |    0     |  0   |    0     |  0   |   0   |  0   |   0    |   1   |   0    |   0    |   1    |
|          tbl_meta4f40000c1000zipf0_2hmaxtput1568           |   1    |    0     |  0   |    0     |  0   |   0   |  0   |   0    |   1   |   0    |   0    |   1    |
|          tbl_meta4f40000c1000zipf0_2hmaxtput1623           |   1    |    0     |  0   |    0     |  0   |   0   |  0   |   0    |   1   |   0    |   0    |   1    |
|           Ingress.dchain_table_1241111330816_141           |   2    |    4     |  44  |    0     |  12  |   0   |  24  |   0    |   1   |   1    |   1    |   0    |
|             Ingress.map_table_1247687991296_50             |   2    |    8     |  48  |    0     |  24  |   0   |  24  |   4    |   2   |   1    |   1    |   0    |
|         Ingress.map_table_1247687991296_50$action          |   2    |    0     |  0   |    0     |  12  |   0   |  0   |   0    |   0   |   0    |   0    |   0    |
|                          cond-36                           |   2    |    4     |  0   |    1     |  0   |   0   |  0   |   0    |   0   |   1    |   0    |   0    |
|                          cond-40                           |   2    |    1     |  0   |    1     |  0   |   0   |  0   |   0    |   0   |   1    |   0    |   0    |
|                          tbl_act                           |   2    |    0     |  0   |    0     |  0   |   0   |  0   |   0    |   1   |   0    |   0    |   1    |
|          tbl_meta4f40000c1000zipf0_2hmaxtput1473           |   2    |    0     |  0   |    0     |  0   |   0   |  0   |   0    |   1   |   0    |   0    |   1    |
|          tbl_meta4f40000c1000zipf0_2hmaxtput1587           |   2    |    0     |  0   |    0     |  0   |   0   |  0   |   0    |   1   |   0    |   0    |   1    |
|          tbl_meta4f40000c1000zipf0_2hmaxtput1597           |   2    |    0     |  0   |    0     |  0   |   0   |  0   |   0    |   1   |   0    |   0    |   1    |
|           Ingress.dchain_table_1241111330816_141           |   3    |    4     |  42  |    0     |  6   |   0   |  12  |   0    |   1   |   1    |   1    |   0    |
|           Ingress.dchain_table_1241111330816_56            |   3    |    4     |  44  |    0     |  16  |   0   |  36  |   0    |   1   |   1    |   1    |   0    |
|                 Ingress.lpm_1240977113088                  |   3    |    65    |  0   |    0     |  0   |   24  |  0   |   5    |   2   |   0    |   0    |   0    |
|              Ingress.lpm_1240977113088$action              |   3    |    0     |  0   |    0     |  1   |   0   |  0   |   0    |   0   |   0    |   0    |   0    |
|                          cond-31                           |   3    |    1     |  0   |    1     |  0   |   0   |  0   |   0    |   0   |   1    |   0    |   0    |
|          tbl_meta4f40000c1000zipf0_2hmaxtput1412           |   3    |    0     |  0   |    0     |  0   |   0   |  0   |   0    |   1   |   0    |   0    |   1    |
|          tbl_meta4f40000c1000zipf0_2hmaxtput1422           |   3    |    0     |  0   |    0     |  0   |   0   |  0   |   0    |   1   |   0    |   0    |   1    |
|                 Ingress.lpm_1240977113088                  |   4    |    65    |  0   |    0     |  0   |   24  |  0   |   5    |   2   |   0    |   0    |   0    |
|              Ingress.lpm_1240977113088$action              |   4    |    0     |  0   |    0     |  1   |   0   |  0   |   0    |   0   |   0    |   0    |   0    |
|                         tbl_act_1                          |   4    |    0     |  0   |    0     |  0   |   0   |  0   |   0    |   1   |   0    |   0    |   1    |
|          tbl_meta4f40000c1000zipf0_2hmaxtput1435           |   4    |    0     |  0   |    0     |  0   |   0   |  0   |   0    |   1   |   0    |   0    |   1    |
|     tbl_regexec_vector_register_1248761737216_0_read_0     |   4    |    4     |  16  |    0     |  0   |   0   |  0   |   2    |   1   |   0    |   1    |   0    |
| tbl_regexec_vector_register_1248761737216_0_read_0-gateway |   4    |    0     |  0   |    1     |  0   |   0   |  0   |   0    |   0   |   1    |   0    |   0    |
|                 Ingress.lpm_1240306024448                  |   5    |    4     |  0   |    0     |  1   |   4   |  0   |   0    |   2   |   0    |   0    |   1    |
|                          cond-37                           |   5    |    1     |  0   |    1     |  0   |   0   |  0   |   0    |   0   |   1    |   0    |   0    |
|                         tbl_act_3                          |   5    |    0     |  0   |    0     |  0   |   0   |  0   |   0    |   1   |   0    |   0    |   1    |
|          tbl_meta4f40000c1000zipf0_2hmaxtput1487           |   5    |    0     |  0   |    0     |  0   |   0   |  0   |   0    |   1   |   0    |   0    |   1    |
|             Ingress.map_table_1247687991296_89             |   6    |    8     |  52  |    0     |  36  |   0   |  36  |   4    |   2   |   1    |   1    |   0    |
|         Ingress.map_table_1247687991296_89$action          |   6    |    0     |  0   |    0     |  18  |   0   |  0   |   0    |   0   |   0    |   0    |   0    |
|          Ingress.vector_register_1246614245376_0           |   6    |    0     |  0   |    0     |  2   |   0   |  2   |   0    |   0   |   0    |   0    |   0    |
|                          cond-38                           |   6    |    1     |  0   |    1     |  0   |   0   |  0   |   0    |   0   |   1    |   0    |   1    |
|                         tbl_act_5                          |   6    |    0     |  0   |    0     |  0   |   0   |  0   |   0    |   1   |   0    |   0    |   1    |
|          tbl_meta4f40000c1000zipf0_2hmaxtput1503           |   6    |    4     |  23  |    0     |  0   |   0   |  0   |   0    |   1   |   0    |   1    |   0    |
|      tbl_meta4f40000c1000zipf0_2hmaxtput1503-gateway       |   6    |    0     |  0   |    1     |  0   |   0   |  0   |   0    |   0   |   1    |   0    |   0    |
|          tbl_meta4f40000c1000zipf0_2hmaxtput1544           |   6    |    0     |  0   |    0     |  0   |   0   |  0   |   0    |   1   |   0    |   0    |   1    |
|           Ingress.dchain_table_1241111330816_110           |   7    |    4     |  44  |    0     |  16  |   0   |  36  |   0    |   1   |   1    |   1    |   0    |
|                          cond-39                           |   7    |    1     |  0   |    1     |  0   |   0   |  0   |   0    |   0   |   1    |   0    |   0    |
|                     tbl_build_cpu_hdr                      |   7    |    0     |  0   |    0     |  0   |   0   |  0   |   8    |   1   |   0    |   0    |   1    |
|                  tbl_build_cpu_hdr$action                  |   7    |    0     |  0   |    0     |  1   |   0   |  0   |   0    |   0   |   0    |   0    |   0    |
|          tbl_meta4f40000c1000zipf0_2hmaxtput1516           |   7    |    0     |  0   |    0     |  0   |   0   |  0   |   0    |   1   |   0    |   0    |   1    |
|          tbl_meta4f40000c1000zipf0_2hmaxtput1518           |   7    |    0     |  0   |    0     |  0   |   0   |  0   |   0    |   1   |   0    |   0    |   1    |
|          tbl_meta4f40000c1000zipf0_2hmaxtput1533           |   7    |    0     |  0   |    0     |  0   |   0   |  0   |   0    |   1   |   0    |   0    |   1    |
|          tbl_meta4f40000c1000zipf0_2hmaxtput1537           |   7    |    0     |  0   |    0     |  0   |   0   |  0   |   0    |   1   |   0    |   0    |   1    |
|          tbl_meta4f40000c1000zipf0_2hmaxtput1610           |   7    |    0     |  0   |    0     |  0   |   0   |  0   |   0    |   1   |   0    |   0    |   1    |
|          Ingress.vector_register_1248761737216_0           |   8    |    4     |  0   |    0     |  17  |   0   |  17  |   0    |   0   |   0    |   0    |   0    |
|      tbl_regexec_vector_register_1248761737216_0_read      |   8    |    4     |  23  |    0     |  0   |   0   |  0   |   4    |   1   |   0    |   1    |   0    |
|  tbl_regexec_vector_register_1248761737216_0_read-gateway  |   8    |    0     |  0   |    1     |  0   |   0   |  0   |   0    |   0   |   1    |   0    |   0    |
|     tbl_regexec_vector_register_1248761737216_0_read_0     |   8    |    2     |  16  |    0     |  0   |   0   |  0   |   4    |   1   |   0    |   1    |   0    |
| tbl_regexec_vector_register_1248761737216_0_read_0-gateway |   8    |    1     |  0   |    1     |  0   |   0   |  0   |   0    |   0   |   1    |   0    |   0    |
|     tbl_regexec_vector_register_1248761737216_0_write      |   8    |    4     |  23  |    0     |  0   |   0   |  0   |   4    |   1   |   0    |   1    |   0    |
| tbl_regexec_vector_register_1248761737216_0_write-gateway  |   8    |    0     |  0   |    1     |  0   |   0   |  0   |   0    |   0   |   1    |   0    |   0    |
|          Ingress.vector_register_1248224866304_0           |   9    |    8     |  0   |    0     |  2   |   0   |  2   |   0    |   0   |   0    |   0    |   0    |
|          Ingress.vector_register_1253056708608_0           |   9    |    0     |  0   |    0     |  2   |   0   |  2   |   0    |   0   |   0    |   0    |   0    |
|          tbl_meta4f40000c1000zipf0_2hmaxtput1430           |   9    |    0     |  0   |    0     |  0   |   0   |  0   |   0    |   1   |   0    |   1    |   0    |
|      tbl_meta4f40000c1000zipf0_2hmaxtput1430-gateway       |   9    |    0     |  0   |    1     |  0   |   0   |  0   |   0    |   0   |   1    |   0    |   0    |
|          tbl_meta4f40000c1000zipf0_2hmaxtput1436           |   9    |    4     |  23  |    0     |  0   |   0   |  0   |   0    |   1   |   0    |   1    |   0    |
|      tbl_meta4f40000c1000zipf0_2hmaxtput1436-gateway       |   9    |    0     |  0   |    1     |  0   |   0   |  0   |   0    |   0   |   1    |   0    |   0    |
|          tbl_meta4f40000c1000zipf0_2hmaxtput1605           |   9    |    0     |  0   |    0     |  0   |   0   |  0   |   0    |   1   |   0    |   1    |   0    |
|      tbl_meta4f40000c1000zipf0_2hmaxtput1605-gateway       |   9    |    0     |  0   |    1     |  0   |   0   |  0   |   0    |   0   |   1    |   0    |   0    |
|          tbl_meta4f40000c1000zipf0_2hmaxtput1611           |   9    |    4     |  23  |    0     |  0   |   0   |  0   |   0    |   1   |   0    |   1    |   0    |
|      tbl_meta4f40000c1000zipf0_2hmaxtput1611-gateway       |   9    |    0     |  0   |    1     |  0   |   0   |  0   |   0    |   0   |   1    |   0    |   0    |
|                   Ingress.forwarding_tbl                   |   10   |    7     |  0   |    0     |  1   |   2   |  0   |   14   |   4   |   0    |   0    |   1    |
|               Ingress.forwarding_tbl$action                |   10   |    0     |  0   |    0     |  1   |   0   |  0   |   0    |   0   |   0    |   0    |   0    |
|                          cond-41                           |   11   |    1     |  0   |    1     |  0   |   0   |  0   |   0    |   0   |   1    |   0    |   0    |
|                          cond-42                           |   11   |    1     |  0   |    1     |  0   |   0   |  0   |   0    |   0   |   1    |   0    |   0    |
|          tbl_meta4f40000c1000zipf0_2hmaxtput1631           |   11   |    0     |  0   |    0     |  0   |   0   |  0   |   0    |   1   |   0    |   0    |   1    |
|          tbl_meta4f40000c1000zipf0_2hmaxtput1634           |   11   |    0     |  0   |    0     |  0   |   0   |  0   |   0    |   1   |   0    |   0    |   1    |
-----------------------------------------------------------------------------------------------------------------------------------------------------------------------

