+---------------------------------------------------------------------+
|  Log file: mau.resources.log                                        |
|  Compiler version: 9.13.4                                           |
|  Created on: Sat Oct  3 14:53:33 2026                               |
|  Run ID: ef9c10910b9d4aa8                                           |
+---------------------------------------------------------------------+


---------------------------------------------------------------------------------------------------------------------------------------------------------------------------------------------------------------------------------------------------------------------------------------------------------------------------------------------------------------
| Stage Number | Exact Match Input xbar | Ternary Match Input xbar | Hash Bit | Hash Dist Unit | Gateway | SRAM | Map RAM | TCAM | VLIW Instr | Meter ALU | Stats ALU | Stash | Exact Match Search Bus | Exact Match Result Bus | Tind Result Bus | Action Data Bus Bytes | 8-bit Action Slots | 16-bit Action Slots | 32-bit Action Slots | Logical TableID |
---------------------------------------------------------------------------------------------------------------------------------------------------------------------------------------------------------------------------------------------------------------------------------------------------------------------------------------------------------------
|      0       |           5            |            0             |    40    |       0        |    4    |  4   |    0    |  0   |     5      |     0     |     0     |   0   |           4            |           1            |        4        |           12          |         0          |          0          |          0          |        7        |
|      1       |           29           |            0             |   106    |       0        |    10   |  73  |    48   |  0   |     8      |     0     |     0     |   0   |           12           |           3            |        9        |           8           |         0          |          0          |          0          |        14       |
|      2       |           17           |            65            |    63    |       1        |    1    |  37  |    24   |  24  |     3      |     0     |     0     |   0   |           2            |           2            |        2        |           14          |         0          |          0          |          0          |        4        |
|      3       |           9            |            65            |    15    |       1        |    1    |  1   |    0    |  24  |     2      |     0     |     0     |   0   |           1            |           1            |        2        |           10          |         0          |          0          |          0          |        3        |
|      4       |           5            |            4             |    16    |       1        |    2    |  1   |    0    |  4   |     3      |     0     |     0     |   0   |           1            |           1            |        3        |           2           |         0          |          0          |          0          |        4        |
|      5       |           13           |            0             |    75    |       1        |    2    |  56  |    38   |  0   |     3      |     1     |     0     |   0   |           2            |           2            |        3        |           4           |         0          |          0          |          0          |        4        |
|      6       |           9            |            0             |    15    |       1        |    1    |  0   |    0    |  0   |     1      |     0     |     0     |   0   |           1            |           1            |        1        |           6           |         0          |          0          |          0          |        1        |
|      7       |           15           |            0             |    62    |       3        |    3    |  17  |    17   |  0   |     2      |     1     |     0     |   0   |           2            |           3            |        0        |           1           |         0          |          0          |          0          |        3        |
|      8       |           10           |            0             |    45    |       3        |    4    |  9   |    9    |  0   |     3      |     1     |     0     |   0   |           3            |           4            |        3        |           1           |         0          |          0          |          0          |        4        |
|      9       |           8            |            0             |    45    |       3        |    4    |  9   |    9    |  0   |     3      |     1     |     0     |   0   |           2            |           4            |        0        |           1           |         0          |          0          |          0          |        4        |
|      10      |           11           |            0             |    15    |       1        |    4    |  9   |    9    |  0   |     3      |     1     |     0     |   0   |           3            |           1            |        3        |           4           |         0          |          0          |          0          |        4        |
|      11      |           7            |            0             |    0     |       0        |    5    |  1   |    0    |  0   |     8      |     0     |     0     |   0   |           5            |           0            |        14       |           8           |         0          |          0          |          0          |        14       |
|      12      |           22           |            0             |    92    |       4        |    4    |  17  |    17   |  0   |     2      |     1     |     0     |   0   |           2            |           4            |        0        |           4           |         0          |          0          |          0          |        4        |
|      13      |           12           |            0             |    46    |       2        |    4    |  4   |    4    |  0   |     2      |     2     |     0     |   0   |           2            |           4            |        0        |           0           |         0          |          0          |          0          |        4        |
|      14      |           0            |            8             |    0     |       0        |    0    |  2   |    0    |  2   |     4      |     0     |     0     |   0   |           0            |           0            |        1        |           14          |         0          |          0          |          0          |        1        |
|      15      |           1            |            0             |    0     |       0        |    2    |  0   |    0    |  0   |     2      |     0     |     0     |   0   |           2            |           0            |        2        |           0           |         0          |          0          |          0          |        2        |
|      16      |           0            |            0             |    0     |       0        |    0    |  0   |    0    |  0   |     0      |     0     |     0     |   0   |           0            |           0            |        0        |           0           |         0          |          0          |          0          |        0        |
|      17      |           0            |            0             |    0     |       0        |    0    |  0   |    0    |  0   |     0      |     0     |     0     |   0   |           0            |           0            |        0        |           0           |         0          |          0          |          0          |        0        |
|      18      |           0            |            0             |    0     |       0        |    0    |  0   |    0    |  0   |     0      |     0     |     0     |   0   |           0            |           0            |        0        |           0           |         0          |          0          |          0          |        0        |
|      19      |           0            |            0             |    0     |       0        |    0    |  0   |    0    |  0   |     0      |     0     |     0     |   0   |           0            |           0            |        0        |           0           |         0          |          0          |          0          |        0        |
|              |                        |                          |          |                |         |      |         |      |            |           |           |       |                        |                        |                 |                       |                    |                     |                     |                 |
|    Totals    |          173           |           142            |   635    |       21       |    51   | 240  |   175   |  54  |     54     |     8     |     0     |   0   |           44           |           31           |        47       |           89          |         0          |          0          |          0          |        77       |
---------------------------------------------------------------------------------------------------------------------------------------------------------------------------------------------------------------------------------------------------------------------------------------------------------------------------------------------------------------


--------------------------------------------------------------------------------------------------------------------------------------------------------------------------------------------------------------------------------------------------------------------------------------------------------------------------------------------------------------------
| Stage Number | Exact Match Input xbar | Ternary Match Input xbar | Hash Bit | Hash Dist Unit | Gateway |  SRAM  | Map RAM |   TCAM  | VLIW Instr | Meter ALU | Stats ALU | Stash | Exact Match Search Bus | Exact Match Result Bus | Tind Result Bus | Action Data Bus Bytes | 8-bit Action Slots | 16-bit Action Slots | 32-bit Action Slots | Logical TableID |
--------------------------------------------------------------------------------------------------------------------------------------------------------------------------------------------------------------------------------------------------------------------------------------------------------------------------------------------------------------------
|      0       |         3.91%          |          0.00%           |  9.62%   |     0.00%      |  25.00% | 5.00%  |  0.00%  |  0.00%  |   15.62%   |   0.00%   |   0.00%   | 0.00% |         25.00%         |         6.25%          |      25.00%     |         9.38%         |       0.00%        |        0.00%        |        0.00%        |      43.75%     |
|      1       |         22.66%         |          0.00%           |  25.48%  |     0.00%      |  62.50% | 91.25% | 100.00% |  0.00%  |   25.00%   |   0.00%   |   0.00%   | 0.00% |         75.00%         |         18.75%         |      56.25%     |         6.25%         |       0.00%        |        0.00%        |        0.00%        |      87.50%     |
|      2       |         13.28%         |          98.48%          |  15.14%  |     16.67%     |  6.25%  | 46.25% |  50.00% | 100.00% |   9.38%    |   0.00%   |   0.00%   | 0.00% |         12.50%         |         12.50%         |      12.50%     |         10.94%        |       0.00%        |        0.00%        |        0.00%        |      25.00%     |
|      3       |         7.03%          |          98.48%          |  3.61%   |     16.67%     |  6.25%  | 1.25%  |  0.00%  | 100.00% |   6.25%    |   0.00%   |   0.00%   | 0.00% |         6.25%          |         6.25%          |      12.50%     |         7.81%         |       0.00%        |        0.00%        |        0.00%        |      18.75%     |
|      4       |         3.91%          |          6.06%           |  3.85%   |     16.67%     |  12.50% | 1.25%  |  0.00%  |  16.67% |   9.38%    |   0.00%   |   0.00%   | 0.00% |         6.25%          |         6.25%          |      18.75%     |         1.56%         |       0.00%        |        0.00%        |        0.00%        |      25.00%     |
|      5       |         10.16%         |          0.00%           |  18.03%  |     16.67%     |  12.50% | 70.00% |  79.17% |  0.00%  |   9.38%    |   25.00%  |   0.00%   | 0.00% |         12.50%         |         12.50%         |      18.75%     |         3.12%         |       0.00%        |        0.00%        |        0.00%        |      25.00%     |
|      6       |         7.03%          |          0.00%           |  3.61%   |     16.67%     |  6.25%  | 0.00%  |  0.00%  |  0.00%  |   3.12%    |   0.00%   |   0.00%   | 0.00% |         6.25%          |         6.25%          |      6.25%      |         4.69%         |       0.00%        |        0.00%        |        0.00%        |      6.25%      |
|      7       |         11.72%         |          0.00%           |  14.90%  |     50.00%     |  18.75% | 21.25% |  35.42% |  0.00%  |   6.25%    |   25.00%  |   0.00%   | 0.00% |         12.50%         |         18.75%         |      0.00%      |         0.78%         |       0.00%        |        0.00%        |        0.00%        |      18.75%     |
|      8       |         7.81%          |          0.00%           |  10.82%  |     50.00%     |  25.00% | 11.25% |  18.75% |  0.00%  |   9.38%    |   25.00%  |   0.00%   | 0.00% |         18.75%         |         25.00%         |      18.75%     |         0.78%         |       0.00%        |        0.00%        |        0.00%        |      25.00%     |
|      9       |         6.25%          |          0.00%           |  10.82%  |     50.00%     |  25.00% | 11.25% |  18.75% |  0.00%  |   9.38%    |   25.00%  |   0.00%   | 0.00% |         12.50%         |         25.00%         |      0.00%      |         0.78%         |       0.00%        |        0.00%        |        0.00%        |      25.00%     |
|      10      |         8.59%          |          0.00%           |  3.61%   |     16.67%     |  25.00% | 11.25% |  18.75% |  0.00%  |   9.38%    |   25.00%  |   0.00%   | 0.00% |         18.75%         |         6.25%          |      18.75%     |         3.12%         |       0.00%        |        0.00%        |        0.00%        |      25.00%     |
|      11      |         5.47%          |          0.00%           |  0.00%   |     0.00%      |  31.25% | 1.25%  |  0.00%  |  0.00%  |   25.00%   |   0.00%   |   0.00%   | 0.00% |         31.25%         |         0.00%          |      87.50%     |         6.25%         |       0.00%        |        0.00%        |        0.00%        |      87.50%     |
|      12      |         17.19%         |          0.00%           |  22.12%  |     66.67%     |  25.00% | 21.25% |  35.42% |  0.00%  |   6.25%    |   25.00%  |   0.00%   | 0.00% |         12.50%         |         25.00%         |      0.00%      |         3.12%         |       0.00%        |        0.00%        |        0.00%        |      25.00%     |
|      13      |         9.38%          |          0.00%           |  11.06%  |     33.33%     |  25.00% | 5.00%  |  8.33%  |  0.00%  |   6.25%    |   50.00%  |   0.00%   | 0.00% |         12.50%         |         25.00%         |      0.00%      |         0.00%         |       0.00%        |        0.00%        |        0.00%        |      25.00%     |
|      14      |         0.00%          |          12.12%          |  0.00%   |     0.00%      |  0.00%  | 2.50%  |  0.00%  |  8.33%  |   12.50%   |   0.00%   |   0.00%   | 0.00% |         0.00%          |         0.00%          |      6.25%      |         10.94%        |       0.00%        |        0.00%        |        0.00%        |      6.25%      |
|      15      |         0.78%          |          0.00%           |  0.00%   |     0.00%      |  12.50% | 0.00%  |  0.00%  |  0.00%  |   6.25%    |   0.00%   |   0.00%   | 0.00% |         12.50%         |         0.00%          |      12.50%     |         0.00%         |       0.00%        |        0.00%        |        0.00%        |      12.50%     |
|      16      |         0.00%          |          0.00%           |  0.00%   |     0.00%      |  0.00%  | 0.00%  |  0.00%  |  0.00%  |   0.00%    |   0.00%   |   0.00%   | 0.00% |         0.00%          |         0.00%          |      0.00%      |         0.00%         |       0.00%        |        0.00%        |        0.00%        |      0.00%      |
|      17      |         0.00%          |          0.00%           |  0.00%   |     0.00%      |  0.00%  | 0.00%  |  0.00%  |  0.00%  |   0.00%    |   0.00%   |   0.00%   | 0.00% |         0.00%          |         0.00%          |      0.00%      |         0.00%         |       0.00%        |        0.00%        |        0.00%        |      0.00%      |
|      18      |         0.00%          |          0.00%           |  0.00%   |     0.00%      |  0.00%  | 0.00%  |  0.00%  |  0.00%  |   0.00%    |   0.00%   |   0.00%   | 0.00% |         0.00%          |         0.00%          |      0.00%      |         0.00%         |       0.00%        |        0.00%        |        0.00%        |      0.00%      |
|      19      |         0.00%          |          0.00%           |  0.00%   |     0.00%      |  0.00%  | 0.00%  |  0.00%  |  0.00%  |   0.00%    |   0.00%   |   0.00%   | 0.00% |         0.00%          |         0.00%          |      0.00%      |         0.00%         |       0.00%        |        0.00%        |        0.00%        |      0.00%      |
|              |                        |                          |          |                |         |        |         |         |            |           |           |       |                        |                        |                 |                       |                    |                     |                     |                 |
|   Average    |         8.45%          |          13.45%          |  9.54%   |     21.88%     |  19.92% | 18.75% |  22.79% |  14.06% |   10.55%   |   12.50%  |   0.00%   | 0.00% |         17.19%         |         12.11%         |      18.36%     |         4.35%         |       0.00%        |        0.00%        |        0.00%        |      30.08%     |
--------------------------------------------------------------------------------------------------------------------------------------------------------------------------------------------------------------------------------------------------------------------------------------------------------------------------------------------------------------------


Allocated Resource Usage
------------------------------------------------------------------------------------------------------------------------------------------------------------------------
|                            Table                            | Stage  | Crossbar | Hash | Gateways | RAMs | TCAMs | Map  | Action |  VLIW |  Exm   |  Exm   |  Tind  |
|                             Name                            | Number |  Bytes   | Bits |          |      |       | RAMs |  Data  | Slots | Search | Result | Result |
|                                                             |        |          |      |          |      |       |      |  Bus   |       |  Bus   |  Bus   |  Bus   |
|                                                             |        |          |      |          |      |       |      | Bytes  |       |        |        |        |
------------------------------------------------------------------------------------------------------------------------------------------------------------------------
|                 IngressParser.$PORT_METADATA                |   -1   |    0     |  0   |    0     |  0   |   0   |  0   |   0    |   0   |   0    |   0    |   0    |
|                Ingress.ingress_port_to_nf_dev               |   0    |    2     |  40  |    0     |  4   |   0   |  0   |   4    |   4   |   1    |   1    |   0    |
|                           cond-33                           |   0    |    1     |  0   |    1     |  0   |   0   |  0   |   0    |   0   |   1    |   0    |   0    |
|                           cond-34                           |   0    |    2     |  0   |    1     |  0   |   0   |  0   |   0    |   0   |   1    |   0    |   0    |
|                           cond-35                           |   0    |    1     |  0   |    1     |  0   |   0   |  0   |   0    |   0   |   1    |   0    |   0    |
|                           cond-36                           |   0    |    1     |  0   |    1     |  0   |   0   |  0   |   0    |   0   |   1    |   0    |   0    |
|          tbl_meta4f40000c100000zipf0_2hmaxtput1466          |   0    |    0     |  0   |    0     |  0   |   0   |  0   |   4    |   1   |   0    |   0    |   1    |
|          tbl_meta4f40000c100000zipf0_2hmaxtput1472          |   0    |    0     |  0   |    0     |  0   |   0   |  0   |   0    |   1   |   0    |   0    |   1    |
|          tbl_meta4f40000c100000zipf0_2hmaxtput1797          |   0    |    0     |  0   |    0     |  0   |   0   |  0   |   0    |   1   |   0    |   0    |   1    |
|           tbl_meta4f40000c100000zipf0_2hmaxtput995          |   0    |    0     |  0   |    0     |  0   |   0   |  0   |   4    |   1   |   0    |   0    |   1    |
|                    Ingress.dns_name_build                   |   1    |    1     |  10  |    0     |  1   |   0   |  0   |   0    |   5   |   1    |   1    |   0    |
|           Ingress.fcfs_ct_1247687991296_table_136           |   1    |    8     |  52  |    0     |  36  |   0   |  36  |   4    |   2   |   1    |   1    |   0    |
|        Ingress.fcfs_ct_1247687991296_table_136$action       |   1    |    0     |  0   |    0     |  18  |   0   |  0   |   0    |   0   |   0    |   0    |   0    |
|            Ingress.fcfs_ct_1247687991296_table_50           |   1    |    8     |  44  |    0     |  12  |   0   |  12  |   4    |   2   |   1    |   1    |   0    |
|        Ingress.fcfs_ct_1247687991296_table_50$action        |   1    |    0     |  0   |    0     |  6   |   0   |  0   |   0    |   0   |   0    |   0    |   0    |
|                           cond-37                           |   1    |    1     |  0   |    1     |  0   |   0   |  0   |   0    |   0   |   1    |   0    |   0    |
|                           cond-38                           |   1    |    1     |  0   |    1     |  0   |   0   |  0   |   0    |   0   |   1    |   0    |   0    |
|                           cond-39                           |   1    |    1     |  0   |    1     |  0   |   0   |  0   |   0    |   0   |   1    |   0    |   1    |
|                           cond-40                           |   1    |    1     |  0   |    1     |  0   |   0   |  0   |   0    |   0   |   1    |   0    |   0    |
|                           cond-41                           |   1    |    1     |  0   |    1     |  0   |   0   |  0   |   0    |   0   |   1    |   0    |   0    |
|                           cond-46                           |   1    |    1     |  0   |    1     |  0   |   0   |  0   |   0    |   0   |   1    |   0    |   0    |
|                           cond-47                           |   1    |    1     |  0   |    1     |  0   |   0   |  0   |   0    |   0   |   1    |   0    |   0    |
|                           cond-48                           |   1    |    1     |  0   |    1     |  0   |   0   |  0   |   0    |   0   |   1    |   0    |   0    |
|                           cond-49                           |   1    |    1     |  0   |    1     |  0   |   0   |  0   |   0    |   0   |   1    |   0    |   0    |
|                           cond-50                           |   1    |    4     |  0   |    1     |  0   |   0   |  0   |   0    |   0   |   1    |   0    |   0    |
|                          tbl_act_7                          |   1    |    0     |  0   |    0     |  0   |   0   |  0   |   0    |   1   |   0    |   0    |   1    |
|          tbl_meta4f40000c100000zipf0_2hmaxtput1504          |   1    |    0     |  0   |    0     |  0   |   0   |  0   |   0    |   1   |   0    |   0    |   1    |
|          tbl_meta4f40000c100000zipf0_2hmaxtput1584          |   1    |    0     |  0   |    0     |  0   |   0   |  0   |   0    |   1   |   0    |   0    |   1    |
|          tbl_meta4f40000c100000zipf0_2hmaxtput1704          |   1    |    0     |  0   |    0     |  0   |   0   |  0   |   0    |   1   |   0    |   0    |   1    |
|          tbl_meta4f40000c100000zipf0_2hmaxtput1712          |   1    |    0     |  0   |    0     |  0   |   0   |  0   |   0    |   1   |   0    |   0    |   1    |
|          tbl_meta4f40000c100000zipf0_2hmaxtput1719          |   1    |    0     |  0   |    0     |  0   |   0   |  0   |   0    |   1   |   0    |   0    |   1    |
|          tbl_meta4f40000c100000zipf0_2hmaxtput1728          |   1    |    0     |  0   |    0     |  0   |   0   |  0   |   0    |   1   |   0    |   0    |   1    |
|          tbl_meta4f40000c100000zipf0_2hmaxtput1783          |   1    |    0     |  0   |    0     |  0   |   0   |  0   |   0    |   1   |   0    |   0    |   1    |
|            Ingress.fcfs_ct_1247687991296_table_50           |   2    |    8     |  48  |    0     |  24  |   0   |  24  |   4    |   2   |   1    |   1    |   0    |
|        Ingress.fcfs_ct_1247687991296_table_50$action        |   2    |    0     |  0   |    0     |  12  |   0   |  0   |   0    |   0   |   0    |   0    |   0    |
|                  Ingress.lpm_1240977113088                  |   2    |    65    |  0   |    0     |  0   |   24  |  0   |   4    |   2   |   0    |   0    |   0    |
|               Ingress.lpm_1240977113088$action              |   2    |    0     |  0   |    0     |  1   |   0   |  0   |   0    |   0   |   0    |   0    |   0    |
|                           cond-59                           |   2    |    1     |  0   |    1     |  0   |   0   |  0   |   0    |   0   |   1    |   0    |   1    |
|                           tbl_act                           |   2    |    0     |  0   |    0     |  0   |   0   |  0   |   0    |   1   |   0    |   0    |   1    |
|           tbl_fcfs_ct_1247687991296_hash_136_calc           |   2    |    8     |  15  |    0     |  0   |   0   |  0   |   6    |   1   |   0    |   1    |   0    |
|                  Ingress.lpm_1240977113088                  |   3    |    65    |  0   |    0     |  0   |   24  |  0   |   4    |   2   |   0    |   0    |   0    |
|               Ingress.lpm_1240977113088$action              |   3    |    0     |  0   |    0     |  1   |   0   |  0   |   0    |   0   |   0    |   0    |   0    |
|                           cond-42                           |   3    |    1     |  0   |    1     |  0   |   0   |  0   |   0    |   0   |   1    |   0    |   1    |
|                          tbl_act_1                          |   3    |    0     |  0   |    0     |  0   |   0   |  0   |   0    |   1   |   0    |   0    |   1    |
|            tbl_fcfs_ct_1247687991296_hash_50_calc           |   3    |    8     |  15  |    0     |  0   |   0   |  0   |   6    |   1   |   0    |   1    |   0    |
|                  Ingress.lpm_1240306024448                  |   4    |    4     |  0   |    0     |  1   |   4   |  0   |   0    |   2   |   0    |   0    |   1    |
|                           cond-51                           |   4    |    1     |  0   |    1     |  0   |   0   |  0   |   0    |   0   |   1    |   0    |   0    |
|                          tbl_act_3                          |   4    |    0     |  0   |    0     |  0   |   0   |  0   |   0    |   1   |   0    |   0    |   1    |
|          tbl_meta4f40000c100000zipf0_2hmaxtput1598          |   4    |    0     |  0   |    0     |  0   |   0   |  0   |   0    |   1   |   0    |   0    |   1    |
|          tbl_meta4f40000c100000zipf0_2hmaxtput1733          |   4    |    4     |  16  |    0     |  0   |   0   |  0   |   2    |   1   |   0    |   1    |   0    |
|      tbl_meta4f40000c100000zipf0_2hmaxtput1733-gateway      |   4    |    0     |  0   |    1     |  0   |   0   |  0   |   0    |   0   |   1    |   0    |   0    |
|            Ingress.fcfs_ct_1247687991296_table_89           |   5    |    8     |  52  |    0     |  36  |   0   |  36  |   4    |   2   |   1    |   1    |   0    |
|        Ingress.fcfs_ct_1247687991296_table_89$action        |   5    |    0     |  0   |    0     |  18  |   0   |  0   |   0    |   0   |   0    |   0    |   0    |
|           Ingress.vector_register_1246614245376_0           |   5    |    0     |  0   |    0     |  2   |   0   |  2   |   0    |   0   |   0    |   0    |   0    |
|                           cond-52                           |   5    |    1     |  0   |    1     |  0   |   0   |  0   |   0    |   0   |   1    |   0    |   1    |
|                          tbl_act_5                          |   5    |    0     |  0   |    0     |  0   |   0   |  0   |   0    |   1   |   0    |   0    |   1    |
|          tbl_meta4f40000c100000zipf0_2hmaxtput1614          |   5    |    4     |  23  |    0     |  0   |   0   |  0   |   0    |   1   |   0    |   1    |   0    |
|      tbl_meta4f40000c100000zipf0_2hmaxtput1614-gateway      |   5    |    0     |  0   |    1     |  0   |   0   |  0   |   0    |   0   |   1    |   0    |   0    |
|          tbl_meta4f40000c100000zipf0_2hmaxtput1695          |   5    |    0     |  0   |    0     |  0   |   0   |  0   |   0    |   1   |   0    |   0    |   1    |
|                           cond-53                           |   6    |    1     |  0   |    1     |  0   |   0   |  0   |   0    |   0   |   1    |   0    |   1    |
|            tbl_fcfs_ct_1247687991296_hash_89_calc           |   6    |    8     |  15  |    0     |  0   |   0   |  0   |   6    |   1   |   0    |   1    |   0    |
|          Ingress.fcfs_ct_1247687991296_reg_liveness         |   7    |    4     |  0   |    0     |  17  |   0   |  17  |   0    |   0   |   0    |   0    |   0    |
|          tbl_meta4f40000c100000zipf0_2hmaxtput1509          |   7    |    4     |  23  |    0     |  0   |   0   |  0   |   1    |   1   |   0    |   1    |   0    |
|      tbl_meta4f40000c100000zipf0_2hmaxtput1509-gateway      |   7    |    0     |  0   |    1     |  0   |   0   |  0   |   0    |   0   |   1    |   0    |   0    |
|          tbl_meta4f40000c100000zipf0_2hmaxtput1623          |   7    |    4     |  23  |    0     |  0   |   0   |  0   |   1    |   1   |   0    |   1    |   0    |
|      tbl_meta4f40000c100000zipf0_2hmaxtput1623-gateway      |   7    |    0     |  0   |    1     |  0   |   0   |  0   |   0    |   0   |   1    |   0    |   0    |
|          tbl_meta4f40000c100000zipf0_2hmaxtput1733          |   7    |    2     |  16  |    0     |  0   |   0   |  0   |   1    |   1   |   0    |   1    |   0    |
|      tbl_meta4f40000c100000zipf0_2hmaxtput1733-gateway      |   7    |    1     |  0   |    1     |  0   |   0   |  0   |   0    |   0   |   1    |   0    |   0    |
|           Ingress.fcfs_ct_1247687991296_reg_key_0           |   8    |    4     |  0   |    0     |  9   |   0   |  9   |   0    |   0   |   0    |   0    |   0    |
|                           cond-43                           |   8    |    1     |  0   |    1     |  0   |   0   |  0   |   0    |   0   |   1    |   0    |   1    |
|                           cond-54                           |   8    |    1     |  0   |    1     |  0   |   0   |  0   |   0    |   0   |   1    |   0    |   1    |
|                           cond-60                           |   8    |    1     |  0   |    1     |  0   |   0   |  0   |   0    |   0   |   1    |   0    |   1    |
|             tbl_fcfs_ct_1247687991296_check_key             |   8    |    2     |  15  |    0     |  0   |   0   |  0   |   1    |   1   |   0    |   1    |   0    |
|           tbl_fcfs_ct_1247687991296_check_key_0_0           |   8    |    2     |  15  |    0     |  0   |   0   |  0   |   1    |   1   |   0    |   1    |   0    |
|           tbl_fcfs_ct_1247687991296_check_key_0_1           |   8    |    2     |  15  |    0     |  0   |   0   |  0   |   1    |   1   |   0    |   1    |   0    |
|          tbl_meta4f40000c100000zipf0_2hmaxtput1634          |   8    |    0     |  0   |    0     |  0   |   0   |  0   |   1    |   1   |   0    |   1    |   0    |
|      tbl_meta4f40000c100000zipf0_2hmaxtput1634-gateway      |   8    |    0     |  0   |    1     |  0   |   0   |  0   |   0    |   0   |   1    |   0    |   0    |
|           Ingress.fcfs_ct_1247687991296_reg_key_1           |   9    |    4     |  0   |    0     |  9   |   0   |  9   |   0    |   0   |   0    |   0    |   0    |
|            tbl_fcfs_ct_1247687991296_check_key_0            |   9    |    2     |  15  |    0     |  0   |   0   |  0   |   1    |   1   |   0    |   1    |   0    |
|        tbl_fcfs_ct_1247687991296_check_key_0-gateway        |   9    |    0     |  0   |    1     |  0   |   0   |  0   |   0    |   0   |   1    |   0    |   0    |
|            tbl_fcfs_ct_1247687991296_check_key_1            |   9    |    2     |  15  |    0     |  0   |   0   |  0   |   1    |   1   |   0    |   1    |   0    |
|        tbl_fcfs_ct_1247687991296_check_key_1-gateway        |   9    |    0     |  0   |    1     |  0   |   0   |  0   |   0    |   0   |   1    |   0    |   0    |
|           tbl_fcfs_ct_1247687991296_check_key_1_0           |   9    |    2     |  15  |    0     |  0   |   0   |  0   |   1    |   1   |   0    |   1    |   0    |
|       tbl_fcfs_ct_1247687991296_check_key_1_0-gateway       |   9    |    0     |  0   |    1     |  0   |   0   |  0   |   0    |   0   |   1    |   0    |   0    |
|          tbl_meta4f40000c100000zipf0_2hmaxtput1635          |   9    |    0     |  0   |    0     |  0   |   0   |  0   |   1    |   1   |   0    |   1    |   0    |
|      tbl_meta4f40000c100000zipf0_2hmaxtput1635-gateway      |   9    |    0     |  0   |    1     |  0   |   0   |  0   |   0    |   0   |   1    |   0    |   0    |
|         Ingress.fcfs_ct_1247687991296_reg_punt_gate         |   10   |    8     |  0   |    0     |  9   |   0   |  9   |   0    |   0   |   0    |   0    |   0    |
|                           cond-44                           |   10   |    1     |  0   |    1     |  0   |   0   |  0   |   0    |   0   |   1    |   0    |   0    |
|                           cond-55                           |   10   |    1     |  0   |    1     |  0   |   0   |  0   |   0    |   0   |   1    |   0    |   0    |
|                           cond-61                           |   10   |    1     |  0   |    1     |  0   |   0   |  0   |   0    |   0   |   1    |   0    |   0    |
|          tbl_meta4f40000c100000zipf0_2hmaxtput1514          |   10   |    0     |  0   |    0     |  0   |   0   |  0   |   0    |   1   |   0    |   0    |   1    |
|          tbl_meta4f40000c100000zipf0_2hmaxtput1628          |   10   |    0     |  0   |    0     |  0   |   0   |  0   |   0    |   1   |   0    |   0    |   1    |
|          tbl_meta4f40000c100000zipf0_2hmaxtput1738          |   10   |    0     |  0   |    0     |  0   |   0   |  0   |   0    |   1   |   0    |   0    |   1    |
|                        tbl_punt_gate                        |   10   |    2     |  15  |    0     |  0   |   0   |  0   |   4    |   1   |   0    |   1    |   0    |
|                    tbl_punt_gate-gateway                    |   10   |    0     |  0   |    1     |  0   |   0   |  0   |   0    |   0   |   1    |   0    |   0    |
|                           cond-45                           |   11   |    1     |  0   |    1     |  0   |   0   |  0   |   0    |   0   |   1    |   0    |   0    |
|                           cond-56                           |   11   |    1     |  0   |    1     |  0   |   0   |  0   |   0    |   0   |   1    |   0    |   0    |
|                           cond-57                           |   11   |    4     |  0   |    1     |  0   |   0   |  0   |   0    |   0   |   1    |   0    |   0    |
|                           cond-58                           |   11   |    1     |  0   |    1     |  0   |   0   |  0   |   0    |   0   |   1    |   0    |   0    |
|                           cond-62                           |   11   |    1     |  0   |    1     |  0   |   0   |  0   |   0    |   0   |   1    |   0    |   0    |
|                      tbl_build_cpu_hdr                      |   11   |    0     |  0   |    0     |  0   |   0   |  0   |   8    |   1   |   0    |   0    |   1    |
|                   tbl_build_cpu_hdr$action                  |   11   |    0     |  0   |    0     |  1   |   0   |  0   |   0    |   0   |   0    |   0    |   0    |
|          tbl_meta4f40000c100000zipf0_2hmaxtput1525          |   11   |    0     |  0   |    0     |  0   |   0   |  0   |   0    |   1   |   0    |   0    |   1    |
|          tbl_meta4f40000c100000zipf0_2hmaxtput1533          |   11   |    0     |  0   |    0     |  0   |   0   |  0   |   0    |   1   |   0    |   0    |   1    |
|          tbl_meta4f40000c100000zipf0_2hmaxtput1546          |   11   |    0     |  0   |    0     |  0   |   0   |  0   |   0    |   1   |   0    |   0    |   1    |
|          tbl_meta4f40000c100000zipf0_2hmaxtput1650          |   11   |    0     |  0   |    0     |  0   |   0   |  0   |   0    |   1   |   0    |   0    |   1    |
|          tbl_meta4f40000c100000zipf0_2hmaxtput1654          |   11   |    0     |  0   |    0     |  0   |   0   |  0   |   0    |   1   |   0    |   0    |   1    |
|          tbl_meta4f40000c100000zipf0_2hmaxtput1667          |   11   |    0     |  0   |    0     |  0   |   0   |  0   |   0    |   1   |   0    |   0    |   1    |
|          tbl_meta4f40000c100000zipf0_2hmaxtput1671          |   11   |    0     |  0   |    0     |  0   |   0   |  0   |   0    |   1   |   0    |   0    |   1    |
|          tbl_meta4f40000c100000zipf0_2hmaxtput1678          |   11   |    0     |  0   |    0     |  0   |   0   |  0   |   0    |   1   |   0    |   0    |   1    |
|          tbl_meta4f40000c100000zipf0_2hmaxtput1680          |   11   |    0     |  0   |    0     |  0   |   0   |  0   |   0    |   1   |   0    |   0    |   1    |
|          tbl_meta4f40000c100000zipf0_2hmaxtput1686          |   11   |    0     |  0   |    0     |  0   |   0   |  0   |   0    |   1   |   0    |   0    |   1    |
|          tbl_meta4f40000c100000zipf0_2hmaxtput1749          |   11   |    0     |  0   |    0     |  0   |   0   |  0   |   0    |   1   |   0    |   0    |   1    |
|          tbl_meta4f40000c100000zipf0_2hmaxtput1757          |   11   |    0     |  0   |    0     |  0   |   0   |  0   |   0    |   1   |   0    |   0    |   1    |
|          tbl_meta4f40000c100000zipf0_2hmaxtput1770          |   11   |    0     |  0   |    0     |  0   |   0   |  0   |   0    |   1   |   0    |   0    |   1    |
|           Ingress.vector_register_1248761737216_0           |   12   |    4     |  0   |    0     |  17  |   0   |  17  |   0    |   0   |   0    |   0    |   0    |
|       tbl_regexec_vector_register_1248761737216_0_read      |   12   |    4     |  23  |    0     |  0   |   0   |  0   |   4    |   1   |   0    |   1    |   0    |
|   tbl_regexec_vector_register_1248761737216_0_read-gateway  |   12   |    0     |  0   |    1     |  0   |   0   |  0   |   0    |   0   |   1    |   0    |   0    |
|      tbl_regexec_vector_register_1248761737216_0_read_0     |   12   |    4     |  23  |    0     |  0   |   0   |  0   |   4    |   1   |   0    |   1    |   0    |
|  tbl_regexec_vector_register_1248761737216_0_read_0-gateway |   12   |    0     |  0   |    1     |  0   |   0   |  0   |   0    |   0   |   1    |   0    |   0    |
|      tbl_regexec_vector_register_1248761737216_0_write      |   12   |    5     |  23  |    0     |  0   |   0   |  0   |   4    |   1   |   0    |   1    |   0    |
|  tbl_regexec_vector_register_1248761737216_0_write-gateway  |   12   |    0     |  0   |    1     |  0   |   0   |  0   |   0    |   0   |   1    |   0    |   0    |
|     tbl_regexec_vector_register_1248761737216_0_write_0     |   12   |    6     |  23  |    0     |  0   |   0   |  0   |   4    |   1   |   0    |   1    |   0    |
| tbl_regexec_vector_register_1248761737216_0_write_0-gateway |   12   |    0     |  0   |    1     |  0   |   0   |  0   |   0    |   0   |   1    |   0    |   0    |
|           Ingress.vector_register_1248224866304_0           |   13   |    8     |  0   |    0     |  2   |   0   |  2   |   0    |   0   |   0    |   0    |   0    |
|           Ingress.vector_register_1253056708608_0           |   13   |    0     |  0   |    0     |  2   |   0   |  2   |   0    |   0   |   0    |   0    |   0    |
|          tbl_meta4f40000c100000zipf0_2hmaxtput1541          |   13   |    0     |  0   |    0     |  0   |   0   |  0   |   0    |   1   |   0    |   1    |   0    |
|      tbl_meta4f40000c100000zipf0_2hmaxtput1541-gateway      |   13   |    0     |  0   |    1     |  0   |   0   |  0   |   0    |   0   |   1    |   0    |   0    |
|          tbl_meta4f40000c100000zipf0_2hmaxtput1547          |   13   |    4     |  23  |    0     |  0   |   0   |  0   |   0    |   1   |   0    |   1    |   0    |
|      tbl_meta4f40000c100000zipf0_2hmaxtput1547-gateway      |   13   |    0     |  0   |    1     |  0   |   0   |  0   |   0    |   0   |   1    |   0    |   0    |
|          tbl_meta4f40000c100000zipf0_2hmaxtput1765          |   13   |    0     |  0   |    0     |  0   |   0   |  0   |   0    |   1   |   0    |   1    |   0    |
|      tbl_meta4f40000c100000zipf0_2hmaxtput1765-gateway      |   13   |    0     |  0   |    1     |  0   |   0   |  0   |   0    |   0   |   1    |   0    |   0    |
|          tbl_meta4f40000c100000zipf0_2hmaxtput1771          |   13   |    4     |  23  |    0     |  0   |   0   |  0   |   0    |   1   |   0    |   1    |   0    |
|      tbl_meta4f40000c100000zipf0_2hmaxtput1771-gateway      |   13   |    0     |  0   |    1     |  0   |   0   |  0   |   0    |   0   |   1    |   0    |   0    |
|                    Ingress.forwarding_tbl                   |   14   |    8     |  0   |    0     |  1   |   2   |  0   |   14   |   4   |   0    |   0    |   1    |
|                Ingress.forwarding_tbl$action                |   14   |    0     |  0   |    0     |  1   |   0   |  0   |   0    |   0   |   0    |   0    |   0    |
|                           cond-63                           |   15   |    1     |  0   |    1     |  0   |   0   |  0   |   0    |   0   |   1    |   0    |   0    |
|                           cond-64                           |   15   |    1     |  0   |    1     |  0   |   0   |  0   |   0    |   0   |   1    |   0    |   0    |
|          tbl_meta4f40000c100000zipf0_2hmaxtput1791          |   15   |    0     |  0   |    0     |  0   |   0   |  0   |   0    |   1   |   0    |   0    |   1    |
|          tbl_meta4f40000c100000zipf0_2hmaxtput1794          |   15   |    0     |  0   |    0     |  0   |   0   |  0   |   0    |   1   |   0    |   0    |   1    |
------------------------------------------------------------------------------------------------------------------------------------------------------------------------

