+---------------------------------------------------------------------+
|  Log file: mau.resources.log                                        |
|  Compiler version: 9.13.4                                           |
|  Created on: Sun Sep 27 05:05:03 2026                               |
|  Run ID: 6083c7ed52764760                                           |
+---------------------------------------------------------------------+


---------------------------------------------------------------------------------------------------------------------------------------------------------------------------------------------------------------------------------------------------------------------------------------------------------------------------------------------------------------
| Stage Number | Exact Match Input xbar | Ternary Match Input xbar | Hash Bit | Hash Dist Unit | Gateway | SRAM | Map RAM | TCAM | VLIW Instr | Meter ALU | Stats ALU | Stash | Exact Match Search Bus | Exact Match Result Bus | Tind Result Bus | Action Data Bus Bytes | 8-bit Action Slots | 16-bit Action Slots | 32-bit Action Slots | Logical TableID |
---------------------------------------------------------------------------------------------------------------------------------------------------------------------------------------------------------------------------------------------------------------------------------------------------------------------------------------------------------------
|      0       |           5            |            0             |    40    |       0        |    4    |  4   |    0    |  0   |     4      |     0     |     0     |   0   |           4            |           1            |        3        |           8           |         0          |          0          |          0          |        6        |
|      1       |           29           |            0             |   106    |       0        |    10   |  73  |    48   |  0   |     8      |     0     |     0     |   0   |           12           |           3            |        9        |           8           |         0          |          0          |          0          |        14       |
|      2       |           17           |            65            |    63    |       1        |    1    |  37  |    24   |  24  |     3      |     0     |     0     |   0   |           2            |           2            |        2        |           14          |         0          |          0          |          0          |        4        |
|      3       |           9            |            65            |    15    |       1        |    1    |  1   |    0    |  24  |     2      |     0     |     0     |   0   |           1            |           1            |        2        |           10          |         0          |          0          |          0          |        3        |
|      4       |           5            |            4             |    16    |       1        |    2    |  1   |    0    |  4   |     3      |     0     |     0     |   0   |           1            |           1            |        3        |           2           |         0          |          0          |          0          |        4        |
|      5       |           13           |            0             |    75    |       1        |    2    |  56  |    38   |  0   |     3      |     1     |     0     |   0   |           2            |           2            |        3        |           4           |         0          |          0          |          0          |        4        |
|      6       |           9            |            0             |    15    |       1        |    1    |  0   |    0    |  0   |     1      |     0     |     0     |   0   |           1            |           1            |        1        |           6           |         0          |          0          |          0          |        1        |
|      7       |           15           |            0             |    62    |       3        |    3    |  17  |    17   |  0   |     2      |     1     |     0     |   0   |           2            |           3            |        0        |           1           |         0          |          0          |          0          |        3        |
|      8       |           10           |            0             |    45    |       3        |    4    |  9   |    9    |  0   |     3      |     1     |     0     |   0   |           3            |           4            |        3        |           1           |         0          |          0          |          0          |        4        |
|      9       |           8            |            0             |    45    |       3        |    4    |  9   |    9    |  0   |     3      |     1     |     0     |   0   |           2            |           4            |        0        |           1           |         0          |          0          |          0          |        4        |
|      10      |           1            |            0             |    0     |       0        |    3    |  0   |    0    |  0   |     2      |     0     |     0     |   0   |           3            |           0            |        3        |           0           |         0          |          0          |          0          |        3        |
|      11      |           6            |            0             |    0     |       0        |    4    |  1   |    0    |  0   |     7      |     0     |     0     |   0   |           4            |           0            |        13       |           8           |         0          |          0          |          0          |        13       |
|      12      |           22           |            0             |    92    |       4        |    4    |  17  |    17   |  0   |     2      |     1     |     0     |   0   |           2            |           4            |        0        |           4           |         0          |          0          |          0          |        4        |
|      13      |           12           |            0             |    46    |       2        |    4    |  4   |    4    |  0   |     2      |     2     |     0     |   0   |           2            |           4            |        0        |           0           |         0          |          0          |          0          |        4        |
|      14      |           0            |            8             |    0     |       0        |    0    |  2   |    0    |  2   |     4      |     0     |     0     |   0   |           0            |           0            |        1        |           14          |         0          |          0          |          0          |        1        |
|      15      |           1            |            0             |    0     |       0        |    2    |  0   |    0    |  0   |     2      |     0     |     0     |   0   |           2            |           0            |        2        |           0           |         0          |          0          |          0          |        2        |
|      16      |           0            |            0             |    0     |       0        |    0    |  0   |    0    |  0   |     0      |     0     |     0     |   0   |           0            |           0            |        0        |           0           |         0          |          0          |          0          |        0        |
|      17      |           0            |            0             |    0     |       0        |    0    |  0   |    0    |  0   |     0      |     0     |     0     |   0   |           0            |           0            |        0        |           0           |         0          |          0          |          0          |        0        |
|      18      |           0            |            0             |    0     |       0        |    0    |  0   |    0    |  0   |     0      |     0     |     0     |   0   |           0            |           0            |        0        |           0           |         0          |          0          |          0          |        0        |
|      19      |           0            |            0             |    0     |       0        |    0    |  0   |    0    |  0   |     0      |     0     |     0     |   0   |           0            |           0            |        0        |           0           |         0          |          0          |          0          |        0        |
|              |                        |                          |          |                |         |      |         |      |            |           |           |       |                        |                        |                 |                       |                    |                     |                     |                 |
|    Totals    |          162           |           142            |   620    |       20       |    49   | 231  |   166   |  54  |     51     |     7     |     0     |   0   |           43           |           30           |        45       |           81          |         0          |          0          |          0          |        74       |
---------------------------------------------------------------------------------------------------------------------------------------------------------------------------------------------------------------------------------------------------------------------------------------------------------------------------------------------------------------


--------------------------------------------------------------------------------------------------------------------------------------------------------------------------------------------------------------------------------------------------------------------------------------------------------------------------------------------------------------------
| Stage Number | Exact Match Input xbar | Ternary Match Input xbar | Hash Bit | Hash Dist Unit | Gateway |  SRAM  | Map RAM |   TCAM  | VLIW Instr | Meter ALU | Stats ALU | Stash | Exact Match Search Bus | Exact Match Result Bus | Tind Result Bus | Action Data Bus Bytes | 8-bit Action Slots | 16-bit Action Slots | 32-bit Action Slots | Logical TableID |
--------------------------------------------------------------------------------------------------------------------------------------------------------------------------------------------------------------------------------------------------------------------------------------------------------------------------------------------------------------------
|      0       |         3.91%          |          0.00%           |  9.62%   |     0.00%      |  25.00% | 5.00%  |  0.00%  |  0.00%  |   12.50%   |   0.00%   |   0.00%   | 0.00% |         25.00%         |         6.25%          |      18.75%     |         6.25%         |       0.00%        |        0.00%        |        0.00%        |      37.50%     |
|      1       |         22.66%         |          0.00%           |  25.48%  |     0.00%      |  62.50% | 91.25% | 100.00% |  0.00%  |   25.00%   |   0.00%   |   0.00%   | 0.00% |         75.00%         |         18.75%         |      56.25%     |         6.25%         |       0.00%        |        0.00%        |        0.00%        |      87.50%     |
|      2       |         13.28%         |          98.48%          |  15.14%  |     16.67%     |  6.25%  | 46.25% |  50.00% | 100.00% |   9.38%    |   0.00%   |   0.00%   | 0.00% |         12.50%         |         12.50%         |      12.50%     |         10.94%        |       0.00%        |        0.00%        |        0.00%        |      25.00%     |
|      3       |         7.03%          |          98.48%          |  3.61%   |     16.67%     |  6.25%  | 1.25%  |  0.00%  | 100.00% |   6.25%    |   0.00%   |   0.00%   | 0.00% |         6.25%          |         6.25%          |      12.50%     |         7.81%         |       0.00%        |        0.00%        |        0.00%        |      18.75%     |
|      4       |         3.91%          |          6.06%           |  3.85%   |     16.67%     |  12.50% | 1.25%  |  0.00%  |  16.67% |   9.38%    |   0.00%   |   0.00%   | 0.00% |         6.25%          |         6.25%          |      18.75%     |         1.56%         |       0.00%        |        0.00%        |        0.00%        |      25.00%     |
|      5       |         10.16%         |          0.00%           |  18.03%  |     16.67%     |  12.50% | 70.00% |  79.17% |  0.00%  |   9.38%    |   25.00%  |   0.00%   | 0.00% |         12.50%         |         12.50%         |      18.75%     |         3.12%         |       0.00%        |        0.00%        |        0.00%        |      25.00%     |
|      6       |         7.03%          |          0.00%           |  3.61%   |     16.67%     |  6.25%  | 0.00%  |  0.00%  |  0.00%  |   3.12%    |   0.00%   |   0.00%   | 0.00% |         6.25%          |         6.25%          |      6.25%      |         4.69%         |       0.00%        |        0.00%        |        0.00%        |      6.25%      |
|      7       |         11.72%         |          0.00%           |  14.90%  |     50.00%     |  18.75% | 21.25% |  35.42% |  0.00%  |   6.25%    |   25.00%  |   0.00%   | 0.00% |         12.50%         |         18.75%         |      0.00%      |         0.78%         |       0.00%        |        0.00%        |        0.00%        |      18.75%     |
|      8       |         7.81%          |          0.00%           |  10.82%  |     50.00%     |  25.00% | 11.25% |  18.75% |  0.00%  |   9.38%    |   25.00%  |   0.00%   | 0.00% |         18.75%         |         25.00%         |      18.75%     |         0.78%         |       0.00%        |        0.00%        |        0.00%        |      25.00%     |
|      9       |         6.25%          |          0.00%           |  10.82%  |     50.00%     |  25.00% | 11.25% |  18.75% |  0.00%  |   9.38%    |   25.00%  |   0.00%   | 0.00% |         12.50%         |         25.00%         |      0.00%      |         0.78%         |       0.00%        |        0.00%        |        0.00%        |      25.00%     |
|      10      |         0.78%          |          0.00%           |  0.00%   |     0.00%      |  18.75% | 0.00%  |  0.00%  |  0.00%  |   6.25%    |   0.00%   |   0.00%   | 0.00% |         18.75%         |         0.00%          |      18.75%     |         0.00%         |       0.00%        |        0.00%        |        0.00%        |      18.75%     |
|      11      |         4.69%          |          0.00%           |  0.00%   |     0.00%      |  25.00% | 1.25%  |  0.00%  |  0.00%  |   21.88%   |   0.00%   |   0.00%   | 0.00% |         25.00%         |         0.00%          |      81.25%     |         6.25%         |       0.00%        |        0.00%        |        0.00%        |      81.25%     |
|      12      |         17.19%         |          0.00%           |  22.12%  |     66.67%     |  25.00% | 21.25% |  35.42% |  0.00%  |   6.25%    |   25.00%  |   0.00%   | 0.00% |         12.50%         |         25.00%         |      0.00%      |         3.12%         |       0.00%        |        0.00%        |        0.00%        |      25.00%     |
|      13      |         9.38%          |          0.00%           |  11.06%  |     33.33%     |  25.00% | 5.00%  |  8.33%  |  0.00%  |   6.25%    |   50.00%  |   0.00%   | 0.00% |         12.50%         |         25.00%         |      0.00%      |         0.00%         |       0.00%        |        0.00%        |        0.00%        |      25.00%     |
|      14      |         0.00%          |          12.12%          |  0.00%   |     0.00%      |  0.00%  | 2.50%  |  0.00%  |  8.33%  |   12.50%   |   0.00%   |   0.00%   | 0.00% |         0.00%          |         0.00%          |      6.25%      |         10.94%        |       0.00%        |        0.00%        |        0.00%        |      6.25%      |
|      15      |         0.78%          |          0.00%           |  0.00%   |     0.00%      |  12.50% | 0.00%  |  0.00%  |  0.00%  |   6.25%    |   0.00%   |   0.00%   | 0.00% |         12.50%         |         0.00%          |      12.50%     |         0.00%         |       0.00%        |        0.00%        |        0.00%        |      12.50%     |
|      16      |         0.00%          |          0.00%           |  0.00%   |     0.00%      |  0.00%  | 0.00%  |  0.00%  |  0.00%  |   0.00%    |   0.00%   |   0.00%   | 0.00% |         0.00%          |         0.00%          |      0.00%      |         0.00%         |       0.00%        |        0.00%        |        0.00%        |      0.00%      |
|      17      |         0.00%          |          0.00%           |  0.00%   |     0.00%      |  0.00%  | 0.00%  |  0.00%  |  0.00%  |   0.00%    |   0.00%   |   0.00%   | 0.00% |         0.00%          |         0.00%          |      0.00%      |         0.00%         |       0.00%        |        0.00%        |        0.00%        |      0.00%      |
|      18      |         0.00%          |          0.00%           |  0.00%   |     0.00%      |  0.00%  | 0.00%  |  0.00%  |  0.00%  |   0.00%    |   0.00%   |   0.00%   | 0.00% |         0.00%          |         0.00%          |      0.00%      |         0.00%         |       0.00%        |        0.00%        |        0.00%        |      0.00%      |
|      19      |         0.00%          |          0.00%           |  0.00%   |     0.00%      |  0.00%  | 0.00%  |  0.00%  |  0.00%  |   0.00%    |   0.00%   |   0.00%   | 0.00% |         0.00%          |         0.00%          |      0.00%      |         0.00%         |       0.00%        |        0.00%        |        0.00%        |      0.00%      |
|              |                        |                          |          |                |         |        |         |         |            |           |           |       |                        |                        |                 |                       |                    |                     |                     |                 |
|   Average    |         7.91%          |          13.45%          |  9.31%   |     20.83%     |  19.14% | 18.05% |  21.61% |  14.06% |   9.96%    |   10.94%  |   0.00%   | 0.00% |         16.80%         |         11.72%         |      17.58%     |         3.96%         |       0.00%        |        0.00%        |        0.00%        |      28.91%     |
--------------------------------------------------------------------------------------------------------------------------------------------------------------------------------------------------------------------------------------------------------------------------------------------------------------------------------------------------------------------


Allocated Resource Usage
---------------------------------------------------------------------------------------------------------------------------------------------------------------------
|                          Table                           | Stage  | Crossbar | Hash | Gateways | RAMs | TCAMs | Map  | Action |  VLIW |  Exm   |  Exm   |  Tind  |
|                           Name                           | Number |  Bytes   | Bits |          |      |       | RAMs |  Data  | Slots | Search | Result | Result |
|                                                          |        |          |      |          |      |       |      |  Bus   |       |  Bus   |  Bus   |  Bus   |
|                                                          |        |          |      |          |      |       |      | Bytes  |       |        |        |        |
---------------------------------------------------------------------------------------------------------------------------------------------------------------------
|               IngressParser.$PORT_METADATA               |   -1   |    0     |  0   |    0     |  0   |   0   |  0   |   0    |   0   |   0    |   0    |   0    |
|              Ingress.ingress_port_to_nf_dev              |   0    |    2     |  40  |    0     |  4   |   0   |  0   |   4    |   4   |   1    |   1    |   0    |
|                         cond-32                          |   0    |    1     |  0   |    1     |  0   |   0   |  0   |   0    |   0   |   1    |   0    |   0    |
|                         cond-33                          |   0    |    2     |  0   |    1     |  0   |   0   |  0   |   0    |   0   |   1    |   0    |   0    |
|                         cond-34                          |   0    |    1     |  0   |    1     |  0   |   0   |  0   |   0    |   0   |   1    |   0    |   0    |
|                         cond-35                          |   0    |    1     |  0   |    1     |  0   |   0   |  0   |   0    |   0   |   1    |   0    |   0    |
|        tbl_meta4f40000c100000zipf1_2hmaxtput1448         |   0    |    0     |  0   |    0     |  0   |   0   |  0   |   4    |   1   |   0    |   0    |   1    |
|        tbl_meta4f40000c100000zipf1_2hmaxtput1454         |   0    |    0     |  0   |    0     |  0   |   0   |  0   |   0    |   1   |   0    |   0    |   1    |
|        tbl_meta4f40000c100000zipf1_2hmaxtput1772         |   0    |    0     |  0   |    0     |  0   |   0   |  0   |   0    |   1   |   0    |   0    |   1    |
|                  Ingress.dns_name_build                  |   1    |    1     |  10  |    0     |  1   |   0   |  0   |   0    |   5   |   1    |   1    |   0    |
|           Ingress.fcfs_ct_1074083024_table_136           |   1    |    8     |  52  |    0     |  36  |   0   |  36  |   4    |   2   |   1    |   1    |   0    |
|       Ingress.fcfs_ct_1074083024_table_136$action        |   1    |    0     |  0   |    0     |  18  |   0   |  0   |   0    |   0   |   0    |   0    |   0    |
|           Ingress.fcfs_ct_1074083024_table_50            |   1    |    8     |  44  |    0     |  12  |   0   |  12  |   4    |   2   |   1    |   1    |   0    |
|        Ingress.fcfs_ct_1074083024_table_50$action        |   1    |    0     |  0   |    0     |  6   |   0   |  0   |   0    |   0   |   0    |   0    |   0    |
|                         cond-36                          |   1    |    1     |  0   |    1     |  0   |   0   |  0   |   0    |   0   |   1    |   0    |   0    |
|                         cond-37                          |   1    |    1     |  0   |    1     |  0   |   0   |  0   |   0    |   0   |   1    |   0    |   0    |
|                         cond-38                          |   1    |    1     |  0   |    1     |  0   |   0   |  0   |   0    |   0   |   1    |   0    |   1    |
|                         cond-39                          |   1    |    1     |  0   |    1     |  0   |   0   |  0   |   0    |   0   |   1    |   0    |   0    |
|                         cond-40                          |   1    |    1     |  0   |    1     |  0   |   0   |  0   |   0    |   0   |   1    |   0    |   0    |
|                         cond-45                          |   1    |    1     |  0   |    1     |  0   |   0   |  0   |   0    |   0   |   1    |   0    |   0    |
|                         cond-46                          |   1    |    1     |  0   |    1     |  0   |   0   |  0   |   0    |   0   |   1    |   0    |   0    |
|                         cond-47                          |   1    |    1     |  0   |    1     |  0   |   0   |  0   |   0    |   0   |   1    |   0    |   0    |
|                         cond-48                          |   1    |    1     |  0   |    1     |  0   |   0   |  0   |   0    |   0   |   1    |   0    |   0    |
|                         cond-49                          |   1    |    4     |  0   |    1     |  0   |   0   |  0   |   0    |   0   |   1    |   0    |   0    |
|                        tbl_act_7                         |   1    |    0     |  0   |    0     |  0   |   0   |  0   |   0    |   1   |   0    |   0    |   1    |
|        tbl_meta4f40000c100000zipf1_2hmaxtput1486         |   1    |    0     |  0   |    0     |  0   |   0   |  0   |   0    |   1   |   0    |   0    |   1    |
|        tbl_meta4f40000c100000zipf1_2hmaxtput1566         |   1    |    0     |  0   |    0     |  0   |   0   |  0   |   0    |   1   |   0    |   0    |   1    |
|        tbl_meta4f40000c100000zipf1_2hmaxtput1679         |   1    |    0     |  0   |    0     |  0   |   0   |  0   |   0    |   1   |   0    |   0    |   1    |
|        tbl_meta4f40000c100000zipf1_2hmaxtput1687         |   1    |    0     |  0   |    0     |  0   |   0   |  0   |   0    |   1   |   0    |   0    |   1    |
|        tbl_meta4f40000c100000zipf1_2hmaxtput1694         |   1    |    0     |  0   |    0     |  0   |   0   |  0   |   0    |   1   |   0    |   0    |   1    |
|        tbl_meta4f40000c100000zipf1_2hmaxtput1703         |   1    |    0     |  0   |    0     |  0   |   0   |  0   |   0    |   1   |   0    |   0    |   1    |
|        tbl_meta4f40000c100000zipf1_2hmaxtput1758         |   1    |    0     |  0   |    0     |  0   |   0   |  0   |   0    |   1   |   0    |   0    |   1    |
|           Ingress.fcfs_ct_1074083024_table_50            |   2    |    8     |  48  |    0     |  24  |   0   |  24  |   4    |   2   |   1    |   1    |   0    |
|        Ingress.fcfs_ct_1074083024_table_50$action        |   2    |    0     |  0   |    0     |  12  |   0   |  0   |   0    |   0   |   0    |   0    |   0    |
|                  Ingress.lpm_1074082560                  |   2    |    65    |  0   |    0     |  0   |   24  |  0   |   4    |   2   |   0    |   0    |   0    |
|              Ingress.lpm_1074082560$action               |   2    |    0     |  0   |    0     |  1   |   0   |  0   |   0    |   0   |   0    |   0    |   0    |
|                         cond-57                          |   2    |    1     |  0   |    1     |  0   |   0   |  0   |   0    |   0   |   1    |   0    |   1    |
|                         tbl_act                          |   2    |    0     |  0   |    0     |  0   |   0   |  0   |   0    |   1   |   0    |   0    |   1    |
|           tbl_fcfs_ct_1074083024_hash_136_calc           |   2    |    8     |  15  |    0     |  0   |   0   |  0   |   6    |   1   |   0    |   1    |   0    |
|                  Ingress.lpm_1074082560                  |   3    |    65    |  0   |    0     |  0   |   24  |  0   |   4    |   2   |   0    |   0    |   0    |
|              Ingress.lpm_1074082560$action               |   3    |    0     |  0   |    0     |  1   |   0   |  0   |   0    |   0   |   0    |   0    |   0    |
|                         cond-41                          |   3    |    1     |  0   |    1     |  0   |   0   |  0   |   0    |   0   |   1    |   0    |   1    |
|                        tbl_act_1                         |   3    |    0     |  0   |    0     |  0   |   0   |  0   |   0    |   1   |   0    |   0    |   1    |
|           tbl_fcfs_ct_1074083024_hash_50_calc            |   3    |    8     |  15  |    0     |  0   |   0   |  0   |   6    |   1   |   0    |   1    |   0    |
|                  Ingress.lpm_1074082784                  |   4    |    4     |  0   |    0     |  1   |   4   |  0   |   0    |   2   |   0    |   0    |   1    |
|                         cond-50                          |   4    |    1     |  0   |    1     |  0   |   0   |  0   |   0    |   0   |   1    |   0    |   0    |
|                        tbl_act_3                         |   4    |    0     |  0   |    0     |  0   |   0   |  0   |   0    |   1   |   0    |   0    |   1    |
|        tbl_meta4f40000c100000zipf1_2hmaxtput1580         |   4    |    0     |  0   |    0     |  0   |   0   |  0   |   0    |   1   |   0    |   0    |   1    |
|        tbl_meta4f40000c100000zipf1_2hmaxtput1708         |   4    |    4     |  16  |    0     |  0   |   0   |  0   |   2    |   1   |   0    |   1    |   0    |
|    tbl_meta4f40000c100000zipf1_2hmaxtput1708-gateway     |   4    |    0     |  0   |    1     |  0   |   0   |  0   |   0    |   0   |   1    |   0    |   0    |
|           Ingress.fcfs_ct_1074083024_table_89            |   5    |    8     |  52  |    0     |  36  |   0   |  36  |   4    |   2   |   1    |   1    |   0    |
|        Ingress.fcfs_ct_1074083024_table_89$action        |   5    |    0     |  0   |    0     |  18  |   0   |  0   |   0    |   0   |   0    |   0    |   0    |
|           Ingress.vector_register_1074132640_0           |   5    |    0     |  0   |    0     |  2   |   0   |  2   |   0    |   0   |   0    |   0    |   0    |
|                         cond-51                          |   5    |    1     |  0   |    1     |  0   |   0   |  0   |   0    |   0   |   1    |   0    |   1    |
|                        tbl_act_5                         |   5    |    0     |  0   |    0     |  0   |   0   |  0   |   0    |   1   |   0    |   0    |   1    |
|        tbl_meta4f40000c100000zipf1_2hmaxtput1596         |   5    |    4     |  23  |    0     |  0   |   0   |  0   |   0    |   1   |   0    |   1    |   0    |
|    tbl_meta4f40000c100000zipf1_2hmaxtput1596-gateway     |   5    |    0     |  0   |    1     |  0   |   0   |  0   |   0    |   0   |   1    |   0    |   0    |
|        tbl_meta4f40000c100000zipf1_2hmaxtput1670         |   5    |    0     |  0   |    0     |  0   |   0   |  0   |   0    |   1   |   0    |   0    |   1    |
|                         cond-52                          |   6    |    1     |  0   |    1     |  0   |   0   |  0   |   0    |   0   |   1    |   0    |   1    |
|           tbl_fcfs_ct_1074083024_hash_89_calc            |   6    |    8     |  15  |    0     |  0   |   0   |  0   |   6    |   1   |   0    |   1    |   0    |
|         Ingress.fcfs_ct_1074083024_reg_liveness          |   7    |    4     |  0   |    0     |  17  |   0   |  17  |   0    |   0   |   0    |   0    |   0    |
|        tbl_meta4f40000c100000zipf1_2hmaxtput1491         |   7    |    4     |  23  |    0     |  0   |   0   |  0   |   1    |   1   |   0    |   1    |   0    |
|    tbl_meta4f40000c100000zipf1_2hmaxtput1491-gateway     |   7    |    0     |  0   |    1     |  0   |   0   |  0   |   0    |   0   |   1    |   0    |   0    |
|        tbl_meta4f40000c100000zipf1_2hmaxtput1605         |   7    |    4     |  23  |    0     |  0   |   0   |  0   |   1    |   1   |   0    |   1    |   0    |
|    tbl_meta4f40000c100000zipf1_2hmaxtput1605-gateway     |   7    |    0     |  0   |    1     |  0   |   0   |  0   |   0    |   0   |   1    |   0    |   0    |
|        tbl_meta4f40000c100000zipf1_2hmaxtput1708         |   7    |    2     |  16  |    0     |  0   |   0   |  0   |   1    |   1   |   0    |   1    |   0    |
|    tbl_meta4f40000c100000zipf1_2hmaxtput1708-gateway     |   7    |    1     |  0   |    1     |  0   |   0   |  0   |   0    |   0   |   1    |   0    |   0    |
|           Ingress.fcfs_ct_1074083024_reg_key_0           |   8    |    4     |  0   |    0     |  9   |   0   |  9   |   0    |   0   |   0    |   0    |   0    |
|                         cond-42                          |   8    |    1     |  0   |    1     |  0   |   0   |  0   |   0    |   0   |   1    |   0    |   1    |
|                         cond-53                          |   8    |    1     |  0   |    1     |  0   |   0   |  0   |   0    |   0   |   1    |   0    |   1    |
|                         cond-58                          |   8    |    1     |  0   |    1     |  0   |   0   |  0   |   0    |   0   |   1    |   0    |   1    |
|             tbl_fcfs_ct_1074083024_check_key             |   8    |    2     |  15  |    0     |  0   |   0   |  0   |   1    |   1   |   0    |   1    |   0    |
|           tbl_fcfs_ct_1074083024_check_key_0_0           |   8    |    2     |  15  |    0     |  0   |   0   |  0   |   1    |   1   |   0    |   1    |   0    |
|           tbl_fcfs_ct_1074083024_check_key_0_1           |   8    |    2     |  15  |    0     |  0   |   0   |  0   |   1    |   1   |   0    |   1    |   0    |
|        tbl_meta4f40000c100000zipf1_2hmaxtput1613         |   8    |    0     |  0   |    0     |  0   |   0   |  0   |   1    |   1   |   0    |   1    |   0    |
|    tbl_meta4f40000c100000zipf1_2hmaxtput1613-gateway     |   8    |    0     |  0   |    1     |  0   |   0   |  0   |   0    |   0   |   1    |   0    |   0    |
|           Ingress.fcfs_ct_1074083024_reg_key_1           |   9    |    4     |  0   |    0     |  9   |   0   |  9   |   0    |   0   |   0    |   0    |   0    |
|            tbl_fcfs_ct_1074083024_check_key_0            |   9    |    2     |  15  |    0     |  0   |   0   |  0   |   1    |   1   |   0    |   1    |   0    |
|        tbl_fcfs_ct_1074083024_check_key_0-gateway        |   9    |    0     |  0   |    1     |  0   |   0   |  0   |   0    |   0   |   1    |   0    |   0    |
|            tbl_fcfs_ct_1074083024_check_key_1            |   9    |    2     |  15  |    0     |  0   |   0   |  0   |   1    |   1   |   0    |   1    |   0    |
|        tbl_fcfs_ct_1074083024_check_key_1-gateway        |   9    |    0     |  0   |    1     |  0   |   0   |  0   |   0    |   0   |   1    |   0    |   0    |
|           tbl_fcfs_ct_1074083024_check_key_1_0           |   9    |    2     |  15  |    0     |  0   |   0   |  0   |   1    |   1   |   0    |   1    |   0    |
|       tbl_fcfs_ct_1074083024_check_key_1_0-gateway       |   9    |    0     |  0   |    1     |  0   |   0   |  0   |   0    |   0   |   1    |   0    |   0    |
|        tbl_meta4f40000c100000zipf1_2hmaxtput1614         |   9    |    0     |  0   |    0     |  0   |   0   |  0   |   1    |   1   |   0    |   1    |   0    |
|    tbl_meta4f40000c100000zipf1_2hmaxtput1614-gateway     |   9    |    0     |  0   |    1     |  0   |   0   |  0   |   0    |   0   |   1    |   0    |   0    |
|                         cond-43                          |   10   |    1     |  0   |    1     |  0   |   0   |  0   |   0    |   0   |   1    |   0    |   0    |
|                         cond-54                          |   10   |    1     |  0   |    1     |  0   |   0   |  0   |   0    |   0   |   1    |   0    |   0    |
|                         cond-59                          |   10   |    1     |  0   |    1     |  0   |   0   |  0   |   0    |   0   |   1    |   0    |   0    |
|        tbl_meta4f40000c100000zipf1_2hmaxtput1496         |   10   |    0     |  0   |    0     |  0   |   0   |  0   |   0    |   1   |   0    |   0    |   1    |
|        tbl_meta4f40000c100000zipf1_2hmaxtput1610         |   10   |    0     |  0   |    0     |  0   |   0   |  0   |   0    |   1   |   0    |   0    |   1    |
|        tbl_meta4f40000c100000zipf1_2hmaxtput1713         |   10   |    0     |  0   |    0     |  0   |   0   |  0   |   0    |   1   |   0    |   0    |   1    |
|                         cond-44                          |   11   |    1     |  0   |    1     |  0   |   0   |  0   |   0    |   0   |   1    |   0    |   0    |
|                         cond-55                          |   11   |    1     |  0   |    1     |  0   |   0   |  0   |   0    |   0   |   1    |   0    |   0    |
|                         cond-56                          |   11   |    4     |  0   |    1     |  0   |   0   |  0   |   0    |   0   |   1    |   0    |   0    |
|                         cond-60                          |   11   |    1     |  0   |    1     |  0   |   0   |  0   |   0    |   0   |   1    |   0    |   0    |
|                    tbl_build_cpu_hdr                     |   11   |    0     |  0   |    0     |  0   |   0   |  0   |   8    |   1   |   0    |   0    |   1    |
|                 tbl_build_cpu_hdr$action                 |   11   |    0     |  0   |    0     |  1   |   0   |  0   |   0    |   0   |   0    |   0    |   0    |
|        tbl_meta4f40000c100000zipf1_2hmaxtput1507         |   11   |    0     |  0   |    0     |  0   |   0   |  0   |   0    |   1   |   0    |   0    |   1    |
|        tbl_meta4f40000c100000zipf1_2hmaxtput1515         |   11   |    0     |  0   |    0     |  0   |   0   |  0   |   0    |   1   |   0    |   0    |   1    |
|        tbl_meta4f40000c100000zipf1_2hmaxtput1528         |   11   |    0     |  0   |    0     |  0   |   0   |  0   |   0    |   1   |   0    |   0    |   1    |
|        tbl_meta4f40000c100000zipf1_2hmaxtput1629         |   11   |    0     |  0   |    0     |  0   |   0   |  0   |   0    |   1   |   0    |   0    |   1    |
|        tbl_meta4f40000c100000zipf1_2hmaxtput1633         |   11   |    0     |  0   |    0     |  0   |   0   |  0   |   0    |   1   |   0    |   0    |   1    |
|        tbl_meta4f40000c100000zipf1_2hmaxtput1646         |   11   |    0     |  0   |    0     |  0   |   0   |  0   |   0    |   1   |   0    |   0    |   1    |
|        tbl_meta4f40000c100000zipf1_2hmaxtput1650         |   11   |    0     |  0   |    0     |  0   |   0   |  0   |   0    |   1   |   0    |   0    |   1    |
|        tbl_meta4f40000c100000zipf1_2hmaxtput1656         |   11   |    0     |  0   |    0     |  0   |   0   |  0   |   0    |   1   |   0    |   0    |   1    |
|        tbl_meta4f40000c100000zipf1_2hmaxtput1658         |   11   |    0     |  0   |    0     |  0   |   0   |  0   |   0    |   1   |   0    |   0    |   1    |
|        tbl_meta4f40000c100000zipf1_2hmaxtput1724         |   11   |    0     |  0   |    0     |  0   |   0   |  0   |   0    |   1   |   0    |   0    |   1    |
|        tbl_meta4f40000c100000zipf1_2hmaxtput1732         |   11   |    0     |  0   |    0     |  0   |   0   |  0   |   0    |   1   |   0    |   0    |   1    |
|        tbl_meta4f40000c100000zipf1_2hmaxtput1745         |   11   |    0     |  0   |    0     |  0   |   0   |  0   |   0    |   1   |   0    |   0    |   1    |
|           Ingress.vector_register_1074115080_0           |   12   |    4     |  0   |    0     |  17  |   0   |  17  |   0    |   0   |   0    |   0    |   0    |
|      tbl_regexec_vector_register_1074115080_0_read       |   12   |    4     |  23  |    0     |  0   |   0   |  0   |   4    |   1   |   0    |   1    |   0    |
|  tbl_regexec_vector_register_1074115080_0_read-gateway   |   12   |    0     |  0   |    1     |  0   |   0   |  0   |   0    |   0   |   1    |   0    |   0    |
|     tbl_regexec_vector_register_1074115080_0_read_0      |   12   |    4     |  23  |    0     |  0   |   0   |  0   |   4    |   1   |   0    |   1    |   0    |
| tbl_regexec_vector_register_1074115080_0_read_0-gateway  |   12   |    0     |  0   |    1     |  0   |   0   |  0   |   0    |   0   |   1    |   0    |   0    |
|      tbl_regexec_vector_register_1074115080_0_write      |   12   |    5     |  23  |    0     |  0   |   0   |  0   |   4    |   1   |   0    |   1    |   0    |
|  tbl_regexec_vector_register_1074115080_0_write-gateway  |   12   |    0     |  0   |    1     |  0   |   0   |  0   |   0    |   0   |   1    |   0    |   0    |
|     tbl_regexec_vector_register_1074115080_0_write_0     |   12   |    6     |  23  |    0     |  0   |   0   |  0   |   4    |   1   |   0    |   1    |   0    |
| tbl_regexec_vector_register_1074115080_0_write_0-gateway |   12   |    0     |  0   |    1     |  0   |   0   |  0   |   0    |   0   |   1    |   0    |   0    |
|           Ingress.vector_register_1074167072_0           |   13   |    0     |  0   |    0     |  2   |   0   |  2   |   0    |   0   |   0    |   0    |   0    |
|           Ingress.vector_register_1074184288_0           |   13   |    8     |  0   |    0     |  2   |   0   |  2   |   0    |   0   |   0    |   0    |   0    |
|        tbl_meta4f40000c100000zipf1_2hmaxtput1523         |   13   |    0     |  0   |    0     |  0   |   0   |  0   |   0    |   1   |   0    |   1    |   0    |
|    tbl_meta4f40000c100000zipf1_2hmaxtput1523-gateway     |   13   |    0     |  0   |    1     |  0   |   0   |  0   |   0    |   0   |   1    |   0    |   0    |
|        tbl_meta4f40000c100000zipf1_2hmaxtput1529         |   13   |    4     |  23  |    0     |  0   |   0   |  0   |   0    |   1   |   0    |   1    |   0    |
|    tbl_meta4f40000c100000zipf1_2hmaxtput1529-gateway     |   13   |    0     |  0   |    1     |  0   |   0   |  0   |   0    |   0   |   1    |   0    |   0    |
|        tbl_meta4f40000c100000zipf1_2hmaxtput1740         |   13   |    0     |  0   |    0     |  0   |   0   |  0   |   0    |   1   |   0    |   1    |   0    |
|    tbl_meta4f40000c100000zipf1_2hmaxtput1740-gateway     |   13   |    0     |  0   |    1     |  0   |   0   |  0   |   0    |   0   |   1    |   0    |   0    |
|        tbl_meta4f40000c100000zipf1_2hmaxtput1746         |   13   |    4     |  23  |    0     |  0   |   0   |  0   |   0    |   1   |   0    |   1    |   0    |
|    tbl_meta4f40000c100000zipf1_2hmaxtput1746-gateway     |   13   |    0     |  0   |    1     |  0   |   0   |  0   |   0    |   0   |   1    |   0    |   0    |
|                  Ingress.forwarding_tbl                  |   14   |    8     |  0   |    0     |  1   |   2   |  0   |   14   |   4   |   0    |   0    |   1    |
|              Ingress.forwarding_tbl$action               |   14   |    0     |  0   |    0     |  1   |   0   |  0   |   0    |   0   |   0    |   0    |   0    |
|                         cond-61                          |   15   |    1     |  0   |    1     |  0   |   0   |  0   |   0    |   0   |   1    |   0    |   0    |
|                         cond-62                          |   15   |    1     |  0   |    1     |  0   |   0   |  0   |   0    |   0   |   1    |   0    |   0    |
|        tbl_meta4f40000c100000zipf1_2hmaxtput1766         |   15   |    0     |  0   |    0     |  0   |   0   |  0   |   0    |   1   |   0    |   0    |   1    |
|        tbl_meta4f40000c100000zipf1_2hmaxtput1769         |   15   |    0     |  0   |    0     |  0   |   0   |  0   |   0    |   1   |   0    |   0    |   1    |
---------------------------------------------------------------------------------------------------------------------------------------------------------------------

