+---------------------------------------------------------------------+
|  Log file: mau.resources.log                                        |
|  Compiler version: 9.13.4                                           |
|  Created on: Sun Sep 20 07:49:08 2026                               |
|  Run ID: 11dfa78484984aa7                                           |
+---------------------------------------------------------------------+


---------------------------------------------------------------------------------------------------------------------------------------------------------------------------------------------------------------------------------------------------------------------------------------------------------------------------------------------------------------
| Stage Number | Exact Match Input xbar | Ternary Match Input xbar | Hash Bit | Hash Dist Unit | Gateway | SRAM | Map RAM | TCAM | VLIW Instr | Meter ALU | Stats ALU | Stash | Exact Match Search Bus | Exact Match Result Bus | Tind Result Bus | Action Data Bus Bytes | 8-bit Action Slots | 16-bit Action Slots | 32-bit Action Slots | Logical TableID |
---------------------------------------------------------------------------------------------------------------------------------------------------------------------------------------------------------------------------------------------------------------------------------------------------------------------------------------------------------------
|      0       |           5            |            0             |    40    |       0        |    5    |  4   |    0    |  0   |     3      |     0     |     0     |   0   |           5            |           2            |        2        |           5           |         0          |          0          |          0          |        6        |
|      1       |           5            |            0             |    40    |       0        |    2    |  4   |    0    |  0   |     2      |     0     |     0     |   0   |           2            |           2            |        1        |           5           |         0          |          0          |          0          |        2        |
|      2       |           28           |            0             |    69    |       0        |    1    |  72  |    36   |  0   |     3      |     0     |     0     |   0   |           2            |           1            |        4        |           4           |         0          |          0          |          0          |        4        |
|      3       |           13           |            0             |    15    |       1        |    1    |  0   |    0    |  0   |     2      |     0     |     0     |   0   |           1            |           1            |        2        |           6           |         0          |          0          |          0          |        2        |
|      4       |           10           |            0             |    46    |       2        |    2    |  17  |    17   |  0   |     2      |     1     |     0     |   0   |           1            |           2            |        0        |           3           |         0          |          0          |          0          |        2        |
|      5       |           8            |            0             |    15    |       1        |    3    |  9   |    9    |  0   |     2      |     1     |     0     |   0   |           3            |           2            |        2        |           1           |         0          |          0          |          0          |        3        |
|      6       |           10           |            0             |    15    |       1        |    3    |  9   |    9    |  0   |     2      |     1     |     0     |   0   |           2            |           2            |        2        |           1           |         0          |          0          |          0          |        4        |
|      7       |           4            |            0             |    15    |       1        |    2    |  5   |    5    |  0   |     1      |     1     |     0     |   0   |           1            |           2            |        0        |           1           |         0          |          0          |          0          |        2        |
|      8       |           4            |            0             |    15    |       1        |    2    |  5   |    5    |  0   |     2      |     1     |     0     |   0   |           1            |           2            |        0        |           1           |         0          |          0          |          0          |        2        |
|      9       |           1            |            0             |    0     |       0        |    1    |  0   |    0    |  0   |     1      |     0     |     0     |   0   |           1            |           0            |        1        |           0           |         0          |          0          |          0          |        1        |
|      10      |           9            |            0             |    32    |       2        |    3    |  0   |    0    |  0   |     3      |     0     |     0     |   0   |           3            |           1            |        4        |           12          |         0          |          0          |          0          |        5        |
|      11      |           24           |            0             |    92    |       4        |    6    |  35  |    35   |  0   |     3      |     3     |     0     |   0   |           3            |           6            |        1        |           8           |         0          |          0          |          0          |        7        |
|      12      |           28           |            0             |    78    |       4        |    5    |  17  |    17   |  0   |     3      |     1     |     0     |   0   |           4            |           3            |        2        |           12          |         0          |          0          |          0          |        6        |
|      13      |           5            |            0             |    40    |       0        |    1    |  4   |    0    |  0   |     3      |     0     |     0     |   0   |           1            |           1            |        3        |           2           |         0          |          0          |          0          |        4        |
|      14      |           8            |            0             |    80    |       0        |    0    |  8   |    0    |  0   |     2      |     0     |     0     |   0   |           2            |           2            |        1        |           4           |         0          |          0          |          0          |        3        |
|      15      |           0            |            0             |    0     |       0        |    0    |  0   |    0    |  0   |     2      |     0     |     0     |   0   |           0            |           0            |        2        |           0           |         0          |          0          |          0          |        2        |
|      16      |           0            |            7             |    0     |       0        |    0    |  2   |    0    |  2   |     4      |     0     |     0     |   0   |           0            |           0            |        1        |           6           |         0          |          0          |          0          |        1        |
|      17      |           1            |            0             |    0     |       0        |    1    |  0   |    0    |  0   |     1      |     0     |     0     |   0   |           1            |           0            |        1        |           0           |         0          |          0          |          0          |        1        |
|      18      |           0            |            0             |    0     |       0        |    0    |  0   |    0    |  0   |     0      |     0     |     0     |   0   |           0            |           0            |        0        |           0           |         0          |          0          |          0          |        0        |
|      19      |           0            |            0             |    0     |       0        |    0    |  0   |    0    |  0   |     0      |     0     |     0     |   0   |           0            |           0            |        0        |           0           |         0          |          0          |          0          |        0        |
|              |                        |                          |          |                |         |      |         |      |            |           |           |       |                        |                        |                 |                       |                    |                     |                     |                 |
|    Totals    |          163           |            7             |   592    |       17       |    38   | 191  |   133   |  2   |     41     |     9     |     0     |   0   |           33           |           29           |        29       |           71          |         0          |          0          |          0          |        57       |
---------------------------------------------------------------------------------------------------------------------------------------------------------------------------------------------------------------------------------------------------------------------------------------------------------------------------------------------------------------


------------------------------------------------------------------------------------------------------------------------------------------------------------------------------------------------------------------------------------------------------------------------------------------------------------------------------------------------------------------
| Stage Number | Exact Match Input xbar | Ternary Match Input xbar | Hash Bit | Hash Dist Unit | Gateway |  SRAM  | Map RAM |  TCAM | VLIW Instr | Meter ALU | Stats ALU | Stash | Exact Match Search Bus | Exact Match Result Bus | Tind Result Bus | Action Data Bus Bytes | 8-bit Action Slots | 16-bit Action Slots | 32-bit Action Slots | Logical TableID |
------------------------------------------------------------------------------------------------------------------------------------------------------------------------------------------------------------------------------------------------------------------------------------------------------------------------------------------------------------------
|      0       |         3.91%          |          0.00%           |  9.62%   |     0.00%      |  31.25% | 5.00%  |  0.00%  | 0.00% |   9.38%    |   0.00%   |   0.00%   | 0.00% |         31.25%         |         12.50%         |      12.50%     |         3.91%         |       0.00%        |        0.00%        |        0.00%        |      37.50%     |
|      1       |         3.91%          |          0.00%           |  9.62%   |     0.00%      |  12.50% | 5.00%  |  0.00%  | 0.00% |   6.25%    |   0.00%   |   0.00%   | 0.00% |         12.50%         |         12.50%         |      6.25%      |         3.91%         |       0.00%        |        0.00%        |        0.00%        |      12.50%     |
|      2       |         21.88%         |          0.00%           |  16.59%  |     0.00%      |  6.25%  | 90.00% |  75.00% | 0.00% |   9.38%    |   0.00%   |   0.00%   | 0.00% |         12.50%         |         6.25%          |      25.00%     |         3.12%         |       0.00%        |        0.00%        |        0.00%        |      25.00%     |
|      3       |         10.16%         |          0.00%           |  3.61%   |     16.67%     |  6.25%  | 0.00%  |  0.00%  | 0.00% |   6.25%    |   0.00%   |   0.00%   | 0.00% |         6.25%          |         6.25%          |      12.50%     |         4.69%         |       0.00%        |        0.00%        |        0.00%        |      12.50%     |
|      4       |         7.81%          |          0.00%           |  11.06%  |     33.33%     |  12.50% | 21.25% |  35.42% | 0.00% |   6.25%    |   25.00%  |   0.00%   | 0.00% |         6.25%          |         12.50%         |      0.00%      |         2.34%         |       0.00%        |        0.00%        |        0.00%        |      12.50%     |
|      5       |         6.25%          |          0.00%           |  3.61%   |     16.67%     |  18.75% | 11.25% |  18.75% | 0.00% |   6.25%    |   25.00%  |   0.00%   | 0.00% |         18.75%         |         12.50%         |      12.50%     |         0.78%         |       0.00%        |        0.00%        |        0.00%        |      18.75%     |
|      6       |         7.81%          |          0.00%           |  3.61%   |     16.67%     |  18.75% | 11.25% |  18.75% | 0.00% |   6.25%    |   25.00%  |   0.00%   | 0.00% |         12.50%         |         12.50%         |      12.50%     |         0.78%         |       0.00%        |        0.00%        |        0.00%        |      25.00%     |
|      7       |         3.12%          |          0.00%           |  3.61%   |     16.67%     |  12.50% | 6.25%  |  10.42% | 0.00% |   3.12%    |   25.00%  |   0.00%   | 0.00% |         6.25%          |         12.50%         |      0.00%      |         0.78%         |       0.00%        |        0.00%        |        0.00%        |      12.50%     |
|      8       |         3.12%          |          0.00%           |  3.61%   |     16.67%     |  12.50% | 6.25%  |  10.42% | 0.00% |   6.25%    |   25.00%  |   0.00%   | 0.00% |         6.25%          |         12.50%         |      0.00%      |         0.78%         |       0.00%        |        0.00%        |        0.00%        |      12.50%     |
|      9       |         0.78%          |          0.00%           |  0.00%   |     0.00%      |  6.25%  | 0.00%  |  0.00%  | 0.00% |   3.12%    |   0.00%   |   0.00%   | 0.00% |         6.25%          |         0.00%          |      6.25%      |         0.00%         |       0.00%        |        0.00%        |        0.00%        |      6.25%      |
|      10      |         7.03%          |          0.00%           |  7.69%   |     33.33%     |  18.75% | 0.00%  |  0.00%  | 0.00% |   9.38%    |   0.00%   |   0.00%   | 0.00% |         18.75%         |         6.25%          |      25.00%     |         9.38%         |       0.00%        |        0.00%        |        0.00%        |      31.25%     |
|      11      |         18.75%         |          0.00%           |  22.12%  |     66.67%     |  37.50% | 43.75% |  72.92% | 0.00% |   9.38%    |   75.00%  |   0.00%   | 0.00% |         18.75%         |         37.50%         |      6.25%      |         6.25%         |       0.00%        |        0.00%        |        0.00%        |      43.75%     |
|      12      |         21.88%         |          0.00%           |  18.75%  |     66.67%     |  31.25% | 21.25% |  35.42% | 0.00% |   9.38%    |   25.00%  |   0.00%   | 0.00% |         25.00%         |         18.75%         |      12.50%     |         9.38%         |       0.00%        |        0.00%        |        0.00%        |      37.50%     |
|      13      |         3.91%          |          0.00%           |  9.62%   |     0.00%      |  6.25%  | 5.00%  |  0.00%  | 0.00% |   9.38%    |   0.00%   |   0.00%   | 0.00% |         6.25%          |         6.25%          |      18.75%     |         1.56%         |       0.00%        |        0.00%        |        0.00%        |      25.00%     |
|      14      |         6.25%          |          0.00%           |  19.23%  |     0.00%      |  0.00%  | 10.00% |  0.00%  | 0.00% |   6.25%    |   0.00%   |   0.00%   | 0.00% |         12.50%         |         12.50%         |      6.25%      |         3.12%         |       0.00%        |        0.00%        |        0.00%        |      18.75%     |
|      15      |         0.00%          |          0.00%           |  0.00%   |     0.00%      |  0.00%  | 0.00%  |  0.00%  | 0.00% |   6.25%    |   0.00%   |   0.00%   | 0.00% |         0.00%          |         0.00%          |      12.50%     |         0.00%         |       0.00%        |        0.00%        |        0.00%        |      12.50%     |
|      16      |         0.00%          |          10.61%          |  0.00%   |     0.00%      |  0.00%  | 2.50%  |  0.00%  | 8.33% |   12.50%   |   0.00%   |   0.00%   | 0.00% |         0.00%          |         0.00%          |      6.25%      |         4.69%         |       0.00%        |        0.00%        |        0.00%        |      6.25%      |
|      17      |         0.78%          |          0.00%           |  0.00%   |     0.00%      |  6.25%  | 0.00%  |  0.00%  | 0.00% |   3.12%    |   0.00%   |   0.00%   | 0.00% |         6.25%          |         0.00%          |      6.25%      |         0.00%         |       0.00%        |        0.00%        |        0.00%        |      6.25%      |
|      18      |         0.00%          |          0.00%           |  0.00%   |     0.00%      |  0.00%  | 0.00%  |  0.00%  | 0.00% |   0.00%    |   0.00%   |   0.00%   | 0.00% |         0.00%          |         0.00%          |      0.00%      |         0.00%         |       0.00%        |        0.00%        |        0.00%        |      0.00%      |
|      19      |         0.00%          |          0.00%           |  0.00%   |     0.00%      |  0.00%  | 0.00%  |  0.00%  | 0.00% |   0.00%    |   0.00%   |   0.00%   | 0.00% |         0.00%          |         0.00%          |      0.00%      |         0.00%         |       0.00%        |        0.00%        |        0.00%        |      0.00%      |
|              |                        |                          |          |                |         |        |         |       |            |           |           |       |                        |                        |                 |                       |                    |                     |                     |                 |
|   Average    |         7.07%          |          0.59%           |  7.91%   |     15.74%     |  13.19% | 13.26% |  15.39% | 0.46% |   7.12%    |   12.50%  |   0.00%   | 0.00% |         11.46%         |         10.07%         |      10.07%     |         3.08%         |       0.00%        |        0.00%        |        0.00%        |      19.79%     |
------------------------------------------------------------------------------------------------------------------------------------------------------------------------------------------------------------------------------------------------------------------------------------------------------------------------------------------------------------------


Allocated Resource Usage
----------------------------------------------------------------------------------------------------------------------------------------------------------------------------
|                              Table                              | Stage  | Crossbar | Hash | Gateways | RAMs | TCAMs | Map  | Action |  VLIW |  Exm   |  Exm   |  Tind  |
|                               Name                              | Number |  Bytes   | Bits |          |      |       | RAMs |  Data  | Slots | Search | Result | Result |
|                                                                 |        |          |      |          |      |       |      |  Bus   |       |  Bus   |  Bus   |  Bus   |
|                                                                 |        |          |      |          |      |       |      | Bytes  |       |        |        |        |
----------------------------------------------------------------------------------------------------------------------------------------------------------------------------
|                   IngressParser.$PORT_METADATA                  |   -1   |    0     |  0   |    0     |  0   |   0   |  0   |   0    |   0   |   0    |   0    |   0    |
|                  Ingress.ingress_port_to_nf_dev                 |   0    |    2     |  40  |    0     |  4   |   0   |  0   |   4    |   3   |   1    |   1    |   0    |
|                             cond-18                             |   0    |    2     |  0   |    1     |  0   |   0   |  0   |   0    |   0   |   1    |   0    |   0    |
|                             cond-19                             |   0    |    1     |  0   |    1     |  0   |   0   |  0   |   0    |   0   |   1    |   0    |   0    |
|                             cond-20                             |   0    |    1     |  0   |    1     |  0   |   0   |  0   |   0    |   0   |   1    |   0    |   0    |
|                             cond-21                             |   0    |    1     |  0   |    1     |  0   |   0   |  0   |   0    |   0   |   1    |   0    |   0    |
| ingresshdr.hdr2_tcp_rest.csum_encode_update_condition_3-gateway |   0    |    1     |  0   |    1     |  0   |   0   |  0   |   0    |   0   |   1    |   0    |   1    |
| ingresshdr.hdr2_tcp_rest.csum_encode_update_condition_3_ingress |   0    |    0     |  0   |    0     |  0   |   0   |  0   |   1    |   2   |   0    |   1    |   0    |
|              tbl_natf40000c100000zipf0_2hmaxtput713             |   0    |    0     |  0   |    0     |  0   |   0   |  0   |   0    |   1   |   0    |   0    |   1    |
|               Ingress.vector_table_1074085544_139               |   1    |    4     |  40  |    0     |  4   |   0   |  0   |   4    |   2   |   1    |   1    |   0    |
|                             cond-22                             |   1    |    1     |  0   |    1     |  0   |   0   |  0   |   0    |   0   |   1    |   0    |   0    |
| ingresshdr.hdr2_udp_rest.csum_encode_update_condition_2-gateway |   1    |    1     |  0   |    1     |  0   |   0   |  0   |   0    |   0   |   1    |   0    |   1    |
| ingresshdr.hdr2_udp_rest.csum_encode_update_condition_2_ingress |   1    |    0     |  0   |    0     |  0   |   0   |  0   |   1    |   2   |   0    |   1    |   0    |
|               Ingress.fcfs_ct_1074053136_table_163              |   2    |    24    |  69  |    0     |  72  |   0   |  36  |   4    |   2   |   1    |   1    |   0    |
|                             cond-23                             |   2    |    4     |  0   |    1     |  0   |   0   |  0   |   0    |   0   |   1    |   0    |   1    |
|                            tbl_act_0                            |   2    |    0     |  0   |    0     |  0   |   0   |  0   |   0    |   1   |   0    |   0    |   1    |
|             tbl_natf40000c100000zipf0_2hmaxtput749_0            |   2    |    0     |  0   |    0     |  0   |   0   |  0   |   0    |   1   |   0    |   0    |   1    |
|              tbl_natf40000c100000zipf0_2hmaxtput819             |   2    |    0     |  0   |    0     |  0   |   0   |  0   |   0    |   1   |   0    |   0    |   1    |
|                             cond-29                             |   3    |    1     |  0   |    1     |  0   |   0   |  0   |   0    |   0   |   1    |   0    |   1    |
|               tbl_fcfs_ct_1074053136_hash_163_calc              |   3    |    12    |  15  |    0     |  0   |   0   |  0   |   6    |   1   |   0    |   1    |   0    |
|              tbl_natf40000c100000zipf0_2hmaxtput940             |   3    |    0     |  0   |    0     |  0   |   0   |  0   |   0    |   1   |   0    |   0    |   1    |
|             Ingress.fcfs_ct_1074053136_reg_liveness             |   4    |    4     |  0   |    0     |  17  |   0   |  17  |   0    |   0   |   0    |   0    |   0    |
|                             tbl_act                             |   4    |    4     |  23  |    0     |  0   |   0   |  0   |   3    |   1   |   0    |   1    |   0    |
|                         tbl_act-gateway                         |   4    |    0     |  0   |    1     |  0   |   0   |  0   |   0    |   0   |   1    |   0    |   0    |
|              tbl_natf40000c100000zipf0_2hmaxtput827             |   4    |    4     |  23  |    0     |  0   |   0   |  0   |   3    |   1   |   0    |   1    |   0    |
|          tbl_natf40000c100000zipf0_2hmaxtput827-gateway         |   4    |    0     |  0   |    1     |  0   |   0   |  0   |   0    |   0   |   1    |   0    |   0    |
|               Ingress.fcfs_ct_1074053136_reg_key_0              |   5    |    4     |  0   |    0     |  9   |   0   |  9   |   0    |   0   |   0    |   0    |   0    |
|                             cond-24                             |   5    |    1     |  0   |    1     |  0   |   0   |  0   |   0    |   0   |   1    |   0    |   0    |
|                             cond-30                             |   5    |    1     |  0   |    1     |  0   |   0   |  0   |   0    |   0   |   1    |   0    |   1    |
|                 tbl_fcfs_ct_1074053136_check_key                |   5    |    2     |  15  |    0     |  0   |   0   |  0   |   1    |   1   |   0    |   1    |   0    |
|              tbl_natf40000c100000zipf0_2hmaxtput752             |   5    |    0     |  0   |    0     |  0   |   0   |  0   |   0    |   1   |   0    |   0    |   1    |
|              tbl_natf40000c100000zipf0_2hmaxtput837             |   5    |    0     |  0   |    0     |  0   |   0   |  0   |   1    |   1   |   0    |   1    |   0    |
|          tbl_natf40000c100000zipf0_2hmaxtput837-gateway         |   5    |    0     |  0   |    1     |  0   |   0   |  0   |   0    |   0   |   1    |   0    |   0    |
|               Ingress.fcfs_ct_1074053136_reg_key_1              |   6    |    4     |  0   |    0     |  9   |   0   |  9   |   0    |   0   |   0    |   0    |   0    |
|                             cond-25                             |   6    |    4     |  0   |    1     |  0   |   0   |  0   |   0    |   0   |   1    |   0    |   0    |
|                tbl_fcfs_ct_1074053136_check_key_0               |   6    |    2     |  15  |    0     |  0   |   0   |  0   |   1    |   1   |   0    |   1    |   0    |
|            tbl_fcfs_ct_1074053136_check_key_0-gateway           |   6    |    0     |  0   |    1     |  0   |   0   |  0   |   0    |   0   |   1    |   0    |   0    |
|              tbl_natf40000c100000zipf0_2hmaxtput761             |   6    |    0     |  0   |    0     |  0   |   0   |  0   |   0    |   1   |   0    |   0    |   1    |
|              tbl_natf40000c100000zipf0_2hmaxtput812             |   6    |    0     |  0   |    0     |  0   |   0   |  0   |   0    |   1   |   0    |   0    |   1    |
|              tbl_natf40000c100000zipf0_2hmaxtput838             |   6    |    0     |  0   |    0     |  0   |   0   |  0   |   1    |   1   |   0    |   1    |   0    |
|          tbl_natf40000c100000zipf0_2hmaxtput838-gateway         |   6    |    0     |  0   |    1     |  0   |   0   |  0   |   0    |   0   |   1    |   0    |   0    |
|               Ingress.fcfs_ct_1074053136_reg_key_2              |   7    |    2     |  0   |    0     |  5   |   0   |  5   |   0    |   0   |   0    |   0    |   0    |
|                tbl_fcfs_ct_1074053136_check_key_1               |   7    |    2     |  15  |    0     |  0   |   0   |  0   |   1    |   1   |   0    |   1    |   0    |
|            tbl_fcfs_ct_1074053136_check_key_1-gateway           |   7    |    0     |  0   |    1     |  0   |   0   |  0   |   0    |   0   |   1    |   0    |   0    |
|              tbl_natf40000c100000zipf0_2hmaxtput839             |   7    |    0     |  0   |    0     |  0   |   0   |  0   |   1    |   1   |   0    |   1    |   0    |
|          tbl_natf40000c100000zipf0_2hmaxtput839-gateway         |   7    |    0     |  0   |    1     |  0   |   0   |  0   |   0    |   0   |   1    |   0    |   0    |
|               Ingress.fcfs_ct_1074053136_reg_key_3              |   8    |    2     |  0   |    0     |  5   |   0   |  5   |   0    |   0   |   0    |   0    |   0    |
|                tbl_fcfs_ct_1074053136_check_key_2               |   8    |    2     |  15  |    0     |  0   |   0   |  0   |   1    |   1   |   0    |   1    |   0    |
|            tbl_fcfs_ct_1074053136_check_key_2-gateway           |   8    |    0     |  0   |    1     |  0   |   0   |  0   |   0    |   0   |   1    |   0    |   0    |
|              tbl_natf40000c100000zipf0_2hmaxtput840             |   8    |    0     |  0   |    0     |  0   |   0   |  0   |   1    |   1   |   0    |   1    |   0    |
|          tbl_natf40000c100000zipf0_2hmaxtput840-gateway         |   8    |    0     |  0   |    1     |  0   |   0   |  0   |   0    |   0   |   1    |   0    |   0    |
|                             cond-31                             |   9    |    1     |  0   |    1     |  0   |   0   |  0   |   0    |   0   |   1    |   0    |   0    |
|              tbl_natf40000c100000zipf0_2hmaxtput834             |   9    |    0     |  0   |    0     |  0   |   0   |  0   |   0    |   1   |   0    |   0    |   1    |
|                             cond-32                             |   10   |    1     |  0   |    1     |  0   |   0   |  0   |   0    |   0   |   1    |   0    |   0    |
|                             cond-33                             |   10   |    4     |  0   |    1     |  0   |   0   |  0   |   0    |   0   |   1    |   0    |   0    |
|                        tbl_build_cpu_hdr                        |   10   |    0     |  0   |    0     |  0   |   0   |  0   |   4    |   1   |   0    |   0    |   1    |
|              tbl_natf40000c100000zipf0_2hmaxtput862             |   10   |    8     |  32  |    0     |  0   |   0   |  0   |   4    |   1   |   0    |   1    |   0    |
|          tbl_natf40000c100000zipf0_2hmaxtput862-gateway         |   10   |    0     |  0   |    1     |  0   |   0   |  0   |   0    |   0   |   1    |   0    |   0    |
|              tbl_natf40000c100000zipf0_2hmaxtput883             |   10   |    0     |  0   |    0     |  0   |   0   |  0   |   0    |   1   |   0    |   0    |   1    |
|              tbl_natf40000c100000zipf0_2hmaxtput915             |   10   |    0     |  0   |    0     |  0   |   0   |  0   |   0    |   1   |   0    |   0    |   1    |
|                          tbl_rewrite_2                          |   10   |    0     |  0   |    0     |  0   |   0   |  0   |   4    |   1   |   0    |   0    |   1    |
|               Ingress.vector_register_1074066960_1              |   11   |    4     |  0   |    0     |  17  |   0   |  17  |   0    |   0   |   0    |   0    |   0    |
|               Ingress.vector_register_1074066960_2              |   11   |    2     |  0   |    0     |  9   |   0   |  9   |   0    |   0   |   0    |   0    |   0    |
|               Ingress.vector_register_1074066960_3              |   11   |    2     |  0   |    0     |  9   |   0   |  9   |   0    |   0   |   0    |   0    |   0    |
|              tbl_natf40000c100000zipf0_2hmaxtput913             |   11   |    0     |  0   |    0     |  0   |   0   |  0   |   0    |   1   |   0    |   0    |   1    |
|          tbl_regexec_vector_register_1074066960_1_read          |   11   |    4     |  23  |    0     |  0   |   0   |  0   |   4    |   1   |   0    |   1    |   0    |
|      tbl_regexec_vector_register_1074066960_1_read-gateway      |   11   |    0     |  0   |    1     |  0   |   0   |  0   |   0    |   0   |   1    |   0    |   0    |
|          tbl_regexec_vector_register_1074066960_1_write         |   11   |    4     |  23  |    0     |  0   |   0   |  0   |   4    |   1   |   0    |   1    |   0    |
|      tbl_regexec_vector_register_1074066960_1_write-gateway     |   11   |    0     |  0   |    1     |  0   |   0   |  0   |   0    |   0   |   1    |   0    |   0    |
|          tbl_regexec_vector_register_1074066960_2_read          |   11   |    0     |  0   |    0     |  0   |   0   |  0   |   2    |   1   |   0    |   1    |   0    |
|      tbl_regexec_vector_register_1074066960_2_read-gateway      |   11   |    0     |  0   |    1     |  0   |   0   |  0   |   0    |   0   |   1    |   0    |   0    |
|          tbl_regexec_vector_register_1074066960_2_write         |   11   |    0     |  0   |    0     |  0   |   0   |  0   |   2    |   1   |   0    |   1    |   0    |
|      tbl_regexec_vector_register_1074066960_2_write-gateway     |   11   |    0     |  0   |    1     |  0   |   0   |  0   |   0    |   0   |   1    |   0    |   0    |
|          tbl_regexec_vector_register_1074066960_3_read          |   11   |    4     |  23  |    0     |  0   |   0   |  0   |   2    |   1   |   0    |   1    |   0    |
|      tbl_regexec_vector_register_1074066960_3_read-gateway      |   11   |    0     |  0   |    1     |  0   |   0   |  0   |   0    |   0   |   1    |   0    |   0    |
|          tbl_regexec_vector_register_1074066960_3_write         |   11   |    4     |  23  |    0     |  0   |   0   |  0   |   2    |   1   |   0    |   1    |   0    |
|      tbl_regexec_vector_register_1074066960_3_write-gateway     |   11   |    0     |  0   |    1     |  0   |   0   |  0   |   0    |   0   |   1    |   0    |   0    |
|               Ingress.vector_register_1074066960_0              |   12   |    4     |  0   |    0     |  17  |   0   |  17  |   0    |   0   |   0    |   0    |   0    |
|                             cond-26                             |   12   |    8     |  0   |    1     |  0   |   0   |  0   |   0    |   0   |   1    |   0    |   0    |
|                             cond-27                             |   12   |    4     |  0   |    1     |  0   |   0   |  0   |   0    |   0   |   1    |   0    |   0    |
|              tbl_natf40000c100000zipf0_2hmaxtput775             |   12   |    0     |  0   |    0     |  0   |   0   |  0   |   0    |   1   |   0    |   0    |   1    |
|              tbl_natf40000c100000zipf0_2hmaxtput899             |   12   |    8     |  32  |    0     |  0   |   0   |  0   |   4    |   1   |   0    |   1    |   0    |
|          tbl_natf40000c100000zipf0_2hmaxtput899-gateway         |   12   |    0     |  0   |    1     |  0   |   0   |  0   |   0    |   0   |   1    |   0    |   0    |
|          tbl_regexec_vector_register_1074066960_0_read          |   12   |    4     |  23  |    0     |  0   |   0   |  0   |   4    |   1   |   0    |   1    |   0    |
|      tbl_regexec_vector_register_1074066960_0_read-gateway      |   12   |    0     |  0   |    1     |  0   |   0   |  0   |   0    |   0   |   1    |   0    |   0    |
|          tbl_regexec_vector_register_1074066960_0_write         |   12   |    4     |  23  |    0     |  0   |   0   |  0   |   4    |   1   |   0    |   1    |   0    |
|      tbl_regexec_vector_register_1074066960_0_write-gateway     |   12   |    0     |  0   |    1     |  0   |   0   |  0   |   0    |   0   |   1    |   0    |   0    |
|                          tbl_rewrite_4                          |   12   |    0     |  0   |    0     |  0   |   0   |  0   |   4    |   1   |   0    |   0    |   1    |
|               Ingress.vector_table_1074102760_149               |   13   |    4     |  40  |    0     |  4   |   0   |  0   |   2    |   2   |   1    |   1    |   0    |
|                             cond-28                             |   13   |    1     |  0   |    1     |  0   |   0   |  0   |   0    |   0   |   1    |   0    |   0    |
|              tbl_natf40000c100000zipf0_2hmaxtput805             |   13   |    0     |  0   |    0     |  0   |   0   |  0   |   0    |   1   |   0    |   0    |   1    |
|                           tbl_rewrite                           |   13   |    0     |  0   |    0     |  0   |   0   |  0   |   0    |   1   |   0    |   0    |   1    |
|                          tbl_rewrite_0                          |   13   |    0     |  0   |    0     |  0   |   0   |  0   |   0    |   1   |   0    |   0    |   1    |
|               Ingress.vector_table_1074102760_175               |   14   |    4     |  40  |    0     |  4   |   0   |  0   |   2    |   2   |   1    |   1    |   0    |
|               Ingress.vector_table_1074102760_183               |   14   |    4     |  40  |    0     |  4   |   0   |  0   |   2    |   2   |   1    |   1    |   0    |
|              tbl_natf40000c100000zipf0_2hmaxtput797             |   14   |    0     |  0   |    0     |  0   |   0   |  0   |   0    |   1   |   0    |   0    |   1    |
|              tbl_natf40000c100000zipf0_2hmaxtput868             |   15   |    0     |  0   |    0     |  0   |   0   |  0   |   0    |   1   |   0    |   0    |   1    |
|              tbl_natf40000c100000zipf0_2hmaxtput905             |   15   |    0     |  0   |    0     |  0   |   0   |  0   |   0    |   1   |   0    |   0    |   1    |
|                      Ingress.forwarding_tbl                     |   16   |    7     |  0   |    0     |  1   |   2   |  0   |   6    |   4   |   0    |   0    |   1    |
|                  Ingress.forwarding_tbl$action                  |   16   |    0     |  0   |    0     |  1   |   0   |  0   |   0    |   0   |   0    |   0    |   0    |
|                             cond-34                             |   17   |    1     |  0   |    1     |  0   |   0   |  0   |   0    |   0   |   1    |   0    |   0    |
|              tbl_natf40000c100000zipf0_2hmaxtput937             |   17   |    0     |  0   |    0     |  0   |   0   |  0   |   0    |   1   |   0    |   0    |   1    |
----------------------------------------------------------------------------------------------------------------------------------------------------------------------------

