+---------------------------------------------------------------------+
|  Log file: mau.resources.log                                        |
|  Compiler version: 9.13.4                                           |
|  Created on: Thu Sep 10 06:49:18 2026                               |
|  Run ID: 51e0044317c544fa                                           |
+---------------------------------------------------------------------+


---------------------------------------------------------------------------------------------------------------------------------------------------------------------------------------------------------------------------------------------------------------------------------------------------------------------------------------------------------------
| Stage Number | Exact Match Input xbar | Ternary Match Input xbar | Hash Bit | Hash Dist Unit | Gateway | SRAM | Map RAM | TCAM | VLIW Instr | Meter ALU | Stats ALU | Stash | Exact Match Search Bus | Exact Match Result Bus | Tind Result Bus | Action Data Bus Bytes | 8-bit Action Slots | 16-bit Action Slots | 32-bit Action Slots | Logical TableID |
---------------------------------------------------------------------------------------------------------------------------------------------------------------------------------------------------------------------------------------------------------------------------------------------------------------------------------------------------------------
|      0       |           7            |            0             |    40    |       0        |    5    |  4   |    0    |  0   |     3      |     0     |     0     |   0   |           5            |           1            |        2        |           4           |         0          |          0          |          0          |        6        |
|      1       |           5            |            0             |    40    |       0        |    1    |  4   |    0    |  0   |     2      |     0     |     0     |   0   |           1            |           1            |        1        |           4           |         0          |          0          |          0          |        2        |
|      2       |           28           |            0             |    69    |       0        |    1    |  72  |    36   |  0   |     2      |     0     |     0     |   0   |           2            |           1            |        3        |           4           |         0          |          0          |          0          |        3        |
|      3       |           0            |            0             |    0     |       0        |    0    |  0   |    0    |  0   |     2      |     0     |     0     |   0   |           0            |           0            |        2        |           0           |         0          |          0          |          0          |        2        |
|      4       |           13           |            0             |    15    |       1        |    1    |  0   |    0    |  0   |     1      |     0     |     0     |   0   |           1            |           1            |        1        |           6           |         0          |          0          |          0          |        1        |
|      5       |           12           |            0             |    46    |       2        |    2    |  17  |    17   |  0   |     2      |     1     |     0     |   0   |           1            |           2            |        0        |           3           |         0          |          0          |          0          |        2        |
|      6       |           8            |            0             |    15    |       1        |    3    |  9   |    9    |  0   |     2      |     1     |     0     |   0   |           3            |           2            |        2        |           1           |         0          |          0          |          0          |        3        |
|      7       |           10           |            0             |    15    |       1        |    3    |  9   |    9    |  0   |     2      |     1     |     0     |   0   |           2            |           2            |        2        |           1           |         0          |          0          |          0          |        4        |
|      8       |           4            |            0             |    15    |       1        |    2    |  5   |    5    |  0   |     1      |     1     |     0     |   0   |           1            |           2            |        0        |           1           |         0          |          0          |          0          |        2        |
|      9       |           4            |            0             |    15    |       1        |    2    |  5   |    5    |  0   |     2      |     1     |     0     |   0   |           1            |           2            |        0        |           1           |         0          |          0          |          0          |        2        |
|      10      |           1            |            0             |    0     |       0        |    1    |  0   |    0    |  0   |     1      |     0     |     0     |   0   |           1            |           0            |        1        |           0           |         0          |          0          |          0          |        1        |
|      11      |           13           |            0             |    80    |       0        |    2    |  8   |    0    |  0   |     4      |     0     |     0     |   0   |           3            |           2            |        4        |           12          |         0          |          0          |          0          |        6        |
|      12      |           22           |            0             |    92    |       4        |    4    |  26  |    26   |  0   |     3      |     2     |     0     |   0   |           2            |           4            |        3        |           12          |         0          |          0          |          0          |        7        |
|      13      |           30           |            0             |    92    |       4        |    6    |  26  |    26   |  0   |     4      |     2     |     0     |   0   |           4            |           4            |        4        |           12          |         0          |          0          |          0          |        9        |
|      14      |           5            |            0             |    40    |       0        |    1    |  4   |    0    |  0   |     4      |     0     |     0     |   0   |           1            |           1            |        5        |           4           |         0          |          0          |          0          |        6        |
|      15      |           0            |            0             |    0     |       0        |    0    |  0   |    0    |  0   |     3      |     0     |     0     |   0   |           0            |           0            |        3        |           0           |         0          |          0          |          0          |        3        |
|      16      |           0            |            0             |    0     |       0        |    0    |  0   |    0    |  0   |     3      |     0     |     0     |   0   |           0            |           0            |        3        |           0           |         0          |          0          |          0          |        3        |
|      17      |           0            |            0             |    0     |       0        |    0    |  0   |    0    |  0   |     2      |     0     |     0     |   0   |           0            |           0            |        2        |           0           |         0          |          0          |          0          |        2        |
|      18      |           0            |            7             |    0     |       0        |    0    |  2   |    0    |  2   |     4      |     0     |     0     |   0   |           0            |           0            |        1        |           6           |         0          |          0          |          0          |        1        |
|      19      |           0            |            0             |    0     |       0        |    0    |  0   |    0    |  0   |     0      |     0     |     0     |   0   |           0            |           0            |        0        |           0           |         0          |          0          |          0          |        0        |
|              |                        |                          |          |                |         |      |         |      |            |           |           |       |                        |                        |                 |                       |                    |                     |                     |                 |
|    Totals    |          162           |            7             |   574    |       15       |    34   | 191  |   133   |  2   |     47     |     9     |     0     |   0   |           28           |           25           |        39       |           71          |         0          |          0          |          0          |        65       |
---------------------------------------------------------------------------------------------------------------------------------------------------------------------------------------------------------------------------------------------------------------------------------------------------------------------------------------------------------------


------------------------------------------------------------------------------------------------------------------------------------------------------------------------------------------------------------------------------------------------------------------------------------------------------------------------------------------------------------------
| Stage Number | Exact Match Input xbar | Ternary Match Input xbar | Hash Bit | Hash Dist Unit | Gateway |  SRAM  | Map RAM |  TCAM | VLIW Instr | Meter ALU | Stats ALU | Stash | Exact Match Search Bus | Exact Match Result Bus | Tind Result Bus | Action Data Bus Bytes | 8-bit Action Slots | 16-bit Action Slots | 32-bit Action Slots | Logical TableID |
------------------------------------------------------------------------------------------------------------------------------------------------------------------------------------------------------------------------------------------------------------------------------------------------------------------------------------------------------------------
|      0       |         5.47%          |          0.00%           |  9.62%   |     0.00%      |  31.25% | 5.00%  |  0.00%  | 0.00% |   9.38%    |   0.00%   |   0.00%   | 0.00% |         31.25%         |         6.25%          |      12.50%     |         3.12%         |       0.00%        |        0.00%        |        0.00%        |      37.50%     |
|      1       |         3.91%          |          0.00%           |  9.62%   |     0.00%      |  6.25%  | 5.00%  |  0.00%  | 0.00% |   6.25%    |   0.00%   |   0.00%   | 0.00% |         6.25%          |         6.25%          |      6.25%      |         3.12%         |       0.00%        |        0.00%        |        0.00%        |      12.50%     |
|      2       |         21.88%         |          0.00%           |  16.59%  |     0.00%      |  6.25%  | 90.00% |  75.00% | 0.00% |   6.25%    |   0.00%   |   0.00%   | 0.00% |         12.50%         |         6.25%          |      18.75%     |         3.12%         |       0.00%        |        0.00%        |        0.00%        |      18.75%     |
|      3       |         0.00%          |          0.00%           |  0.00%   |     0.00%      |  0.00%  | 0.00%  |  0.00%  | 0.00% |   6.25%    |   0.00%   |   0.00%   | 0.00% |         0.00%          |         0.00%          |      12.50%     |         0.00%         |       0.00%        |        0.00%        |        0.00%        |      12.50%     |
|      4       |         10.16%         |          0.00%           |  3.61%   |     16.67%     |  6.25%  | 0.00%  |  0.00%  | 0.00% |   3.12%    |   0.00%   |   0.00%   | 0.00% |         6.25%          |         6.25%          |      6.25%      |         4.69%         |       0.00%        |        0.00%        |        0.00%        |      6.25%      |
|      5       |         9.38%          |          0.00%           |  11.06%  |     33.33%     |  12.50% | 21.25% |  35.42% | 0.00% |   6.25%    |   25.00%  |   0.00%   | 0.00% |         6.25%          |         12.50%         |      0.00%      |         2.34%         |       0.00%        |        0.00%        |        0.00%        |      12.50%     |
|      6       |         6.25%          |          0.00%           |  3.61%   |     16.67%     |  18.75% | 11.25% |  18.75% | 0.00% |   6.25%    |   25.00%  |   0.00%   | 0.00% |         18.75%         |         12.50%         |      12.50%     |         0.78%         |       0.00%        |        0.00%        |        0.00%        |      18.75%     |
|      7       |         7.81%          |          0.00%           |  3.61%   |     16.67%     |  18.75% | 11.25% |  18.75% | 0.00% |   6.25%    |   25.00%  |   0.00%   | 0.00% |         12.50%         |         12.50%         |      12.50%     |         0.78%         |       0.00%        |        0.00%        |        0.00%        |      25.00%     |
|      8       |         3.12%          |          0.00%           |  3.61%   |     16.67%     |  12.50% | 6.25%  |  10.42% | 0.00% |   3.12%    |   25.00%  |   0.00%   | 0.00% |         6.25%          |         12.50%         |      0.00%      |         0.78%         |       0.00%        |        0.00%        |        0.00%        |      12.50%     |
|      9       |         3.12%          |          0.00%           |  3.61%   |     16.67%     |  12.50% | 6.25%  |  10.42% | 0.00% |   6.25%    |   25.00%  |   0.00%   | 0.00% |         6.25%          |         12.50%         |      0.00%      |         0.78%         |       0.00%        |        0.00%        |        0.00%        |      12.50%     |
|      10      |         0.78%          |          0.00%           |  0.00%   |     0.00%      |  6.25%  | 0.00%  |  0.00%  | 0.00% |   3.12%    |   0.00%   |   0.00%   | 0.00% |         6.25%          |         0.00%          |      6.25%      |         0.00%         |       0.00%        |        0.00%        |        0.00%        |      6.25%      |
|      11      |         10.16%         |          0.00%           |  19.23%  |     0.00%      |  12.50% | 10.00% |  0.00%  | 0.00% |   12.50%   |   0.00%   |   0.00%   | 0.00% |         18.75%         |         12.50%         |      25.00%     |         9.38%         |       0.00%        |        0.00%        |        0.00%        |      37.50%     |
|      12      |         17.19%         |          0.00%           |  22.12%  |     66.67%     |  25.00% | 32.50% |  54.17% | 0.00% |   9.38%    |   50.00%  |   0.00%   | 0.00% |         12.50%         |         25.00%         |      18.75%     |         9.38%         |       0.00%        |        0.00%        |        0.00%        |      43.75%     |
|      13      |         23.44%         |          0.00%           |  22.12%  |     66.67%     |  37.50% | 32.50% |  54.17% | 0.00% |   12.50%   |   50.00%  |   0.00%   | 0.00% |         25.00%         |         25.00%         |      25.00%     |         9.38%         |       0.00%        |        0.00%        |        0.00%        |      56.25%     |
|      14      |         3.91%          |          0.00%           |  9.62%   |     0.00%      |  6.25%  | 5.00%  |  0.00%  | 0.00% |   12.50%   |   0.00%   |   0.00%   | 0.00% |         6.25%          |         6.25%          |      31.25%     |         3.12%         |       0.00%        |        0.00%        |        0.00%        |      37.50%     |
|      15      |         0.00%          |          0.00%           |  0.00%   |     0.00%      |  0.00%  | 0.00%  |  0.00%  | 0.00% |   9.38%    |   0.00%   |   0.00%   | 0.00% |         0.00%          |         0.00%          |      18.75%     |         0.00%         |       0.00%        |        0.00%        |        0.00%        |      18.75%     |
|      16      |         0.00%          |          0.00%           |  0.00%   |     0.00%      |  0.00%  | 0.00%  |  0.00%  | 0.00% |   9.38%    |   0.00%   |   0.00%   | 0.00% |         0.00%          |         0.00%          |      18.75%     |         0.00%         |       0.00%        |        0.00%        |        0.00%        |      18.75%     |
|      17      |         0.00%          |          0.00%           |  0.00%   |     0.00%      |  0.00%  | 0.00%  |  0.00%  | 0.00% |   6.25%    |   0.00%   |   0.00%   | 0.00% |         0.00%          |         0.00%          |      12.50%     |         0.00%         |       0.00%        |        0.00%        |        0.00%        |      12.50%     |
|      18      |         0.00%          |          10.61%          |  0.00%   |     0.00%      |  0.00%  | 2.50%  |  0.00%  | 8.33% |   12.50%   |   0.00%   |   0.00%   | 0.00% |         0.00%          |         0.00%          |      6.25%      |         4.69%         |       0.00%        |        0.00%        |        0.00%        |      6.25%      |
|      19      |         0.00%          |          0.00%           |  0.00%   |     0.00%      |  0.00%  | 0.00%  |  0.00%  | 0.00% |   0.00%    |   0.00%   |   0.00%   | 0.00% |         0.00%          |         0.00%          |      0.00%      |         0.00%         |       0.00%        |        0.00%        |        0.00%        |      0.00%      |
|              |                        |                          |          |                |         |        |         |       |            |           |           |       |                        |                        |                 |                       |                    |                     |                     |                 |
|   Average    |         6.66%          |          0.56%           |  7.26%   |     13.16%     |  11.18% | 12.57% |  14.58% | 0.44% |   7.73%    |   11.84%  |   0.00%   | 0.00% |         9.21%          |         8.22%          |      12.83%     |         2.92%         |       0.00%        |        0.00%        |        0.00%        |      21.38%     |
------------------------------------------------------------------------------------------------------------------------------------------------------------------------------------------------------------------------------------------------------------------------------------------------------------------------------------------------------------------


Allocated Resource Usage
-------------------------------------------------------------------------------------------------------------------------------------------------------------------
|                         Table                          | Stage  | Crossbar | Hash | Gateways | RAMs | TCAMs | Map  | Action |  VLIW |  Exm   |  Exm   |  Tind  |
|                          Name                          | Number |  Bytes   | Bits |          |      |       | RAMs |  Data  | Slots | Search | Result | Result |
|                                                        |        |          |      |          |      |       |      |  Bus   |       |  Bus   |  Bus   |  Bus   |
|                                                        |        |          |      |          |      |       |      | Bytes  |       |        |        |        |
-------------------------------------------------------------------------------------------------------------------------------------------------------------------
|              IngressParser.$PORT_METADATA              |   -1   |    0     |  0   |    0     |  0   |   0   |  0   |   0    |   0   |   0    |   0    |   0    |
|             Ingress.ingress_port_to_nf_dev             |   0    |    2     |  40  |    0     |  4   |   0   |  0   |   4    |   3   |   1    |   1    |   0    |
|                        cond-18                         |   0    |    2     |  0   |    1     |  0   |   0   |  0   |   0    |   0   |   1    |   0    |   0    |
|                        cond-19                         |   0    |    1     |  0   |    1     |  0   |   0   |  0   |   0    |   0   |   1    |   0    |   0    |
|                        cond-20                         |   0    |    2     |  0   |    1     |  0   |   0   |  0   |   0    |   0   |   1    |   0    |   0    |
|                        cond-21                         |   0    |    1     |  0   |    1     |  0   |   0   |  0   |   0    |   0   |   1    |   0    |   0    |
|                        cond-22                         |   0    |    1     |  0   |    1     |  0   |   0   |  0   |   0    |   0   |   1    |   0    |   0    |
|         tbl_natf40000c100000zipf0_8hmaxtput662         |   0    |    0     |  0   |    0     |  0   |   0   |  0   |   0    |   1   |   0    |   0    |   1    |
|         tbl_natf40000c100000zipf0_8hmaxtput882         |   0    |    0     |  0   |    0     |  0   |   0   |  0   |   0    |   1   |   0    |   0    |   1    |
|          Ingress.vector_table_1074085544_139           |   1    |    4     |  40  |    0     |  4   |   0   |  0   |   4    |   2   |   1    |   1    |   0    |
|                        cond-23                         |   1    |    1     |  0   |    1     |  0   |   0   |  0   |   0    |   0   |   1    |   0    |   0    |
|                  tbl_build_recirc_hdr                  |   1    |    0     |  0   |    0     |  0   |   0   |  0   |   0    |   1   |   0    |   0    |   1    |
|          Ingress.fcfs_ct_1074053136_table_163          |   2    |    24    |  69  |    0     |  72  |   0   |  36  |   4    |   2   |   1    |   1    |   0    |
|                        cond-24                         |   2    |    4     |  0   |    1     |  0   |   0   |  0   |   0    |   0   |   1    |   0    |   1    |
|                       tbl_act_0                        |   2    |    0     |  0   |    0     |  0   |   0   |  0   |   0    |   1   |   0    |   0    |   1    |
|        tbl_natf40000c100000zipf0_8hmaxtput695_0        |   2    |    0     |  0   |    0     |  0   |   0   |  0   |   0    |   1   |   0    |   0    |   1    |
|         tbl_natf40000c100000zipf0_8hmaxtput765         |   3    |    0     |  0   |    0     |  0   |   0   |  0   |   0    |   1   |   0    |   0    |   1    |
|         tbl_natf40000c100000zipf0_8hmaxtput888         |   3    |    0     |  0   |    0     |  0   |   0   |  0   |   0    |   1   |   0    |   0    |   1    |
|                        cond-30                         |   4    |    1     |  0   |    1     |  0   |   0   |  0   |   0    |   0   |   1    |   0    |   1    |
|          tbl_fcfs_ct_1074053136_hash_163_calc          |   4    |    12    |  15  |    0     |  0   |   0   |  0   |   6    |   1   |   0    |   1    |   0    |
|        Ingress.fcfs_ct_1074053136_reg_liveness         |   5    |    4     |  0   |    0     |  17  |   0   |  17  |   0    |   0   |   0    |   0    |   0    |
|                        tbl_act                         |   5    |    4     |  23  |    0     |  0   |   0   |  0   |   3    |   1   |   0    |   1    |   0    |
|                    tbl_act-gateway                     |   5    |    0     |  0   |    1     |  0   |   0   |  0   |   0    |   0   |   1    |   0    |   0    |
|         tbl_natf40000c100000zipf0_8hmaxtput773         |   5    |    4     |  23  |    0     |  0   |   0   |  0   |   3    |   1   |   0    |   1    |   0    |
|     tbl_natf40000c100000zipf0_8hmaxtput773-gateway     |   5    |    0     |  0   |    1     |  0   |   0   |  0   |   0    |   0   |   1    |   0    |   0    |
|          Ingress.fcfs_ct_1074053136_reg_key_0          |   6    |    4     |  0   |    0     |  9   |   0   |  9   |   0    |   0   |   0    |   0    |   0    |
|                        cond-25                         |   6    |    1     |  0   |    1     |  0   |   0   |  0   |   0    |   0   |   1    |   0    |   0    |
|                        cond-31                         |   6    |    1     |  0   |    1     |  0   |   0   |  0   |   0    |   0   |   1    |   0    |   1    |
|            tbl_fcfs_ct_1074053136_check_key            |   6    |    2     |  15  |    0     |  0   |   0   |  0   |   1    |   1   |   0    |   1    |   0    |
|         tbl_natf40000c100000zipf0_8hmaxtput698         |   6    |    0     |  0   |    0     |  0   |   0   |  0   |   0    |   1   |   0    |   0    |   1    |
|         tbl_natf40000c100000zipf0_8hmaxtput783         |   6    |    0     |  0   |    0     |  0   |   0   |  0   |   1    |   1   |   0    |   1    |   0    |
|     tbl_natf40000c100000zipf0_8hmaxtput783-gateway     |   6    |    0     |  0   |    1     |  0   |   0   |  0   |   0    |   0   |   1    |   0    |   0    |
|          Ingress.fcfs_ct_1074053136_reg_key_1          |   7    |    4     |  0   |    0     |  9   |   0   |  9   |   0    |   0   |   0    |   0    |   0    |
|                        cond-26                         |   7    |    4     |  0   |    1     |  0   |   0   |  0   |   0    |   0   |   1    |   0    |   0    |
|           tbl_fcfs_ct_1074053136_check_key_0           |   7    |    2     |  15  |    0     |  0   |   0   |  0   |   1    |   1   |   0    |   1    |   0    |
|       tbl_fcfs_ct_1074053136_check_key_0-gateway       |   7    |    0     |  0   |    1     |  0   |   0   |  0   |   0    |   0   |   1    |   0    |   0    |
|         tbl_natf40000c100000zipf0_8hmaxtput707         |   7    |    0     |  0   |    0     |  0   |   0   |  0   |   0    |   1   |   0    |   0    |   1    |
|         tbl_natf40000c100000zipf0_8hmaxtput758         |   7    |    0     |  0   |    0     |  0   |   0   |  0   |   0    |   1   |   0    |   0    |   1    |
|         tbl_natf40000c100000zipf0_8hmaxtput784         |   7    |    0     |  0   |    0     |  0   |   0   |  0   |   1    |   1   |   0    |   1    |   0    |
|     tbl_natf40000c100000zipf0_8hmaxtput784-gateway     |   7    |    0     |  0   |    1     |  0   |   0   |  0   |   0    |   0   |   1    |   0    |   0    |
|          Ingress.fcfs_ct_1074053136_reg_key_2          |   8    |    2     |  0   |    0     |  5   |   0   |  5   |   0    |   0   |   0    |   0    |   0    |
|           tbl_fcfs_ct_1074053136_check_key_1           |   8    |    2     |  15  |    0     |  0   |   0   |  0   |   1    |   1   |   0    |   1    |   0    |
|       tbl_fcfs_ct_1074053136_check_key_1-gateway       |   8    |    0     |  0   |    1     |  0   |   0   |  0   |   0    |   0   |   1    |   0    |   0    |
|         tbl_natf40000c100000zipf0_8hmaxtput785         |   8    |    0     |  0   |    0     |  0   |   0   |  0   |   1    |   1   |   0    |   1    |   0    |
|     tbl_natf40000c100000zipf0_8hmaxtput785-gateway     |   8    |    0     |  0   |    1     |  0   |   0   |  0   |   0    |   0   |   1    |   0    |   0    |
|          Ingress.fcfs_ct_1074053136_reg_key_3          |   9    |    2     |  0   |    0     |  5   |   0   |  5   |   0    |   0   |   0    |   0    |   0    |
|           tbl_fcfs_ct_1074053136_check_key_2           |   9    |    2     |  15  |    0     |  0   |   0   |  0   |   1    |   1   |   0    |   1    |   0    |
|       tbl_fcfs_ct_1074053136_check_key_2-gateway       |   9    |    0     |  0   |    1     |  0   |   0   |  0   |   0    |   0   |   1    |   0    |   0    |
|         tbl_natf40000c100000zipf0_8hmaxtput786         |   9    |    0     |  0   |    0     |  0   |   0   |  0   |   1    |   1   |   0    |   1    |   0    |
|     tbl_natf40000c100000zipf0_8hmaxtput786-gateway     |   9    |    0     |  0   |    1     |  0   |   0   |  0   |   0    |   0   |   1    |   0    |   0    |
|                        cond-32                         |   10   |    1     |  0   |    1     |  0   |   0   |  0   |   0    |   0   |   1    |   0    |   0    |
|         tbl_natf40000c100000zipf0_8hmaxtput780         |   10   |    0     |  0   |    0     |  0   |   0   |  0   |   0    |   1   |   0    |   0    |   1    |
|          Ingress.vector_table_1074102760_175           |   11   |    4     |  40  |    0     |  4   |   0   |  0   |   4    |   2   |   1    |   1    |   0    |
|          Ingress.vector_table_1074102760_183           |   11   |    4     |  40  |    0     |  4   |   0   |  0   |   4    |   2   |   1    |   1    |   0    |
|                        cond-33                         |   11   |    1     |  0   |    1     |  0   |   0   |  0   |   0    |   0   |   1    |   0    |   0    |
|                        cond-34                         |   11   |    4     |  0   |    1     |  0   |   0   |  0   |   0    |   0   |   1    |   0    |   0    |
|                   tbl_build_cpu_hdr                    |   11   |    0     |  0   |    0     |  0   |   0   |  0   |   4    |   1   |   0    |   0    |   1    |
|         tbl_natf40000c100000zipf0_8hmaxtput808         |   11   |    0     |  0   |    0     |  0   |   0   |  0   |   0    |   1   |   0    |   0    |   1    |
|         tbl_natf40000c100000zipf0_8hmaxtput828         |   11   |    0     |  0   |    0     |  0   |   0   |  0   |   0    |   1   |   0    |   0    |   1    |
|         tbl_natf40000c100000zipf0_8hmaxtput859         |   11   |    0     |  0   |    0     |  0   |   0   |  0   |   0    |   1   |   0    |   0    |   1    |
|          Ingress.vector_register_1074066960_1          |   12   |    4     |  0   |    0     |  17  |   0   |  17  |   0    |   0   |   0    |   0    |   0    |
|          Ingress.vector_register_1074066960_3          |   12   |    2     |  0   |    0     |  9   |   0   |  9   |   0    |   0   |   0    |   0    |   0    |
|        tbl_natf40000c100000zipf0_8hmaxtput808_0        |   12   |    0     |  0   |    0     |  0   |   0   |  0   |   0    |   1   |   0    |   0    |   1    |
|         tbl_natf40000c100000zipf0_8hmaxtput812         |   12   |    0     |  0   |    0     |  0   |   0   |  0   |   4    |   1   |   0    |   0    |   1    |
|         tbl_natf40000c100000zipf0_8hmaxtput857         |   12   |    0     |  0   |    0     |  0   |   0   |  0   |   0    |   1   |   0    |   0    |   1    |
|     tbl_regexec_vector_register_1074066960_1_read      |   12   |    4     |  23  |    0     |  0   |   0   |  0   |   4    |   1   |   0    |   1    |   0    |
| tbl_regexec_vector_register_1074066960_1_read-gateway  |   12   |    0     |  0   |    1     |  0   |   0   |  0   |   0    |   0   |   1    |   0    |   0    |
|     tbl_regexec_vector_register_1074066960_1_write     |   12   |    4     |  23  |    0     |  0   |   0   |  0   |   4    |   1   |   0    |   1    |   0    |
| tbl_regexec_vector_register_1074066960_1_write-gateway |   12   |    0     |  0   |    1     |  0   |   0   |  0   |   0    |   0   |   1    |   0    |   0    |
|     tbl_regexec_vector_register_1074066960_3_read      |   12   |    4     |  23  |    0     |  0   |   0   |  0   |   4    |   1   |   0    |   1    |   0    |
| tbl_regexec_vector_register_1074066960_3_read-gateway  |   12   |    0     |  0   |    1     |  0   |   0   |  0   |   0    |   0   |   1    |   0    |   0    |
|     tbl_regexec_vector_register_1074066960_3_write     |   12   |    4     |  23  |    0     |  0   |   0   |  0   |   4    |   1   |   0    |   1    |   0    |
| tbl_regexec_vector_register_1074066960_3_write-gateway |   12   |    0     |  0   |    1     |  0   |   0   |  0   |   0    |   0   |   1    |   0    |   0    |
|          Ingress.vector_register_1074066960_0          |   13   |    4     |  0   |    0     |  17  |   0   |  17  |   0    |   0   |   0    |   0    |   0    |
|          Ingress.vector_register_1074066960_2          |   13   |    2     |  0   |    0     |  9   |   0   |  9   |   0    |   0   |   0    |   0    |   0    |
|                        cond-27                         |   13   |    8     |  0   |    1     |  0   |   0   |  0   |   0    |   0   |   1    |   0    |   0    |
|                        cond-28                         |   13   |    4     |  0   |    1     |  0   |   0   |  0   |   0    |   0   |   1    |   0    |   0    |
|         tbl_natf40000c100000zipf0_8hmaxtput721         |   13   |    0     |  0   |    0     |  0   |   0   |  0   |   0    |   1   |   0    |   0    |   1    |
|        tbl_natf40000c100000zipf0_8hmaxtput808_1        |   13   |    0     |  0   |    0     |  0   |   0   |  0   |   0    |   1   |   0    |   0    |   1    |
|         tbl_natf40000c100000zipf0_8hmaxtput844         |   13   |    0     |  0   |    0     |  0   |   0   |  0   |   0    |   1   |   0    |   0    |   1    |
|         tbl_natf40000c100000zipf0_8hmaxtput848         |   13   |    0     |  0   |    0     |  0   |   0   |  0   |   4    |   1   |   0    |   0    |   1    |
|     tbl_regexec_vector_register_1074066960_0_read      |   13   |    4     |  23  |    0     |  0   |   0   |  0   |   4    |   1   |   0    |   1    |   0    |
| tbl_regexec_vector_register_1074066960_0_read-gateway  |   13   |    0     |  0   |    1     |  0   |   0   |  0   |   0    |   0   |   1    |   0    |   0    |
|     tbl_regexec_vector_register_1074066960_0_write     |   13   |    4     |  23  |    0     |  0   |   0   |  0   |   4    |   1   |   0    |   1    |   0    |
| tbl_regexec_vector_register_1074066960_0_write-gateway |   13   |    0     |  0   |    1     |  0   |   0   |  0   |   0    |   0   |   1    |   0    |   0    |
|     tbl_regexec_vector_register_1074066960_2_read      |   13   |    4     |  23  |    0     |  0   |   0   |  0   |   4    |   1   |   0    |   1    |   0    |
| tbl_regexec_vector_register_1074066960_2_read-gateway  |   13   |    0     |  0   |    1     |  0   |   0   |  0   |   0    |   0   |   1    |   0    |   0    |
|     tbl_regexec_vector_register_1074066960_2_write     |   13   |    4     |  23  |    0     |  0   |   0   |  0   |   4    |   1   |   0    |   1    |   0    |
| tbl_regexec_vector_register_1074066960_2_write-gateway |   13   |    0     |  0   |    1     |  0   |   0   |  0   |   0    |   0   |   1    |   0    |   0    |
|          Ingress.vector_table_1074102760_149           |   14   |    4     |  40  |    0     |  4   |   0   |  0   |   4    |   2   |   1    |   1    |   0    |
|                        cond-29                         |   14   |    1     |  0   |    1     |  0   |   0   |  0   |   0    |   0   |   1    |   0    |   0    |
|         tbl_natf40000c100000zipf0_8hmaxtput738         |   14   |    0     |  0   |    0     |  0   |   0   |  0   |   0    |   1   |   0    |   0    |   1    |
|         tbl_natf40000c100000zipf0_8hmaxtput742         |   14   |    0     |  0   |    0     |  0   |   0   |  0   |   0    |   1   |   0    |   0    |   1    |
|         tbl_natf40000c100000zipf0_8hmaxtput751         |   14   |    0     |  0   |    0     |  0   |   0   |  0   |   0    |   1   |   0    |   0    |   1    |
|        tbl_natf40000c100000zipf0_8hmaxtput808_2        |   14   |    0     |  0   |    0     |  0   |   0   |  0   |   0    |   1   |   0    |   0    |   1    |
|        tbl_natf40000c100000zipf0_8hmaxtput844_0        |   14   |    0     |  0   |    0     |  0   |   0   |  0   |   0    |   1   |   0    |   0    |   1    |
|        tbl_natf40000c100000zipf0_8hmaxtput738_0        |   15   |    0     |  0   |    0     |  0   |   0   |  0   |   0    |   1   |   0    |   0    |   1    |
|        tbl_natf40000c100000zipf0_8hmaxtput742_0        |   15   |    0     |  0   |    0     |  0   |   0   |  0   |   0    |   1   |   0    |   0    |   1    |
|        tbl_natf40000c100000zipf0_8hmaxtput844_1        |   15   |    0     |  0   |    0     |  0   |   0   |  0   |   0    |   1   |   0    |   0    |   1    |
|        tbl_natf40000c100000zipf0_8hmaxtput738_1        |   16   |    0     |  0   |    0     |  0   |   0   |  0   |   0    |   1   |   0    |   0    |   1    |
|        tbl_natf40000c100000zipf0_8hmaxtput742_1        |   16   |    0     |  0   |    0     |  0   |   0   |  0   |   0    |   1   |   0    |   0    |   1    |
|        tbl_natf40000c100000zipf0_8hmaxtput844_2        |   16   |    0     |  0   |    0     |  0   |   0   |  0   |   0    |   1   |   0    |   0    |   1    |
|        tbl_natf40000c100000zipf0_8hmaxtput738_2        |   17   |    0     |  0   |    0     |  0   |   0   |  0   |   0    |   1   |   0    |   0    |   1    |
|        tbl_natf40000c100000zipf0_8hmaxtput742_2        |   17   |    0     |  0   |    0     |  0   |   0   |  0   |   0    |   1   |   0    |   0    |   1    |
|                 Ingress.forwarding_tbl                 |   18   |    7     |  0   |    0     |  1   |   2   |  0   |   6    |   4   |   0    |   0    |   1    |
|             Ingress.forwarding_tbl$action              |   18   |    0     |  0   |    0     |  1   |   0   |  0   |   0    |   0   |   0    |   0    |   0    |
-------------------------------------------------------------------------------------------------------------------------------------------------------------------

