+---------------------------------------------------------------------+
|  Log file: mau.resources.log                                        |
|  Compiler version: 9.13.4                                           |
|  Created on: Sat Oct  3 15:04:50 2026                               |
|  Run ID: 28e3b365a1e14b3c                                           |
+---------------------------------------------------------------------+


---------------------------------------------------------------------------------------------------------------------------------------------------------------------------------------------------------------------------------------------------------------------------------------------------------------------------------------------------------------
| Stage Number | Exact Match Input xbar | Ternary Match Input xbar | Hash Bit | Hash Dist Unit | Gateway | SRAM | Map RAM | TCAM | VLIW Instr | Meter ALU | Stats ALU | Stash | Exact Match Search Bus | Exact Match Result Bus | Tind Result Bus | Action Data Bus Bytes | 8-bit Action Slots | 16-bit Action Slots | 32-bit Action Slots | Logical TableID |
---------------------------------------------------------------------------------------------------------------------------------------------------------------------------------------------------------------------------------------------------------------------------------------------------------------------------------------------------------------
|      0       |           7            |            0             |    40    |       0        |    7    |  4   |    0    |  0   |     3      |     0     |     0     |   0   |           7            |           1            |        2        |           8           |         0          |          0          |          0          |        9        |
|      1       |           6            |            0             |    40    |       0        |    2    |  4   |    0    |  0   |     2      |     0     |     0     |   0   |           2            |           2            |        1        |           5           |         0          |          0          |          0          |        2        |
|      2       |           30           |            0             |    69    |       0        |    2    |  72  |    36   |  0   |     3      |     0     |     0     |   0   |           3            |           2            |        5        |           5           |         0          |          0          |          0          |        5        |
|      3       |           13           |            0             |    8     |       1        |    1    |  0   |    0    |  0   |     2      |     0     |     0     |   0   |           1            |           1            |        2        |           5           |         0          |          0          |          0          |        2        |
|      4       |           12           |            0             |    46    |       2        |    2    |  17  |    17   |  0   |     2      |     1     |     0     |   0   |           1            |           2            |        0        |           1           |         0          |          0          |          0          |        2        |
|      5       |           7            |            0             |    8     |       1        |    3    |  2   |    2    |  0   |     2      |     1     |     0     |   0   |           3            |           2            |        2        |           1           |         0          |          0          |          0          |        3        |
|      6       |           9            |            0             |    8     |       1        |    3    |  2   |    2    |  0   |     2      |     1     |     0     |   0   |           2            |           2            |        2        |           1           |         0          |          0          |          0          |        4        |
|      7       |           3            |            0             |    8     |       1        |    2    |  2   |    2    |  0   |     1      |     1     |     0     |   0   |           1            |           2            |        0        |           1           |         0          |          0          |          0          |        2        |
|      8       |           3            |            0             |    8     |       1        |    2    |  2   |    2    |  0   |     2      |     1     |     0     |   0   |           1            |           2            |        0        |           1           |         0          |          0          |          0          |        2        |
|      9       |           10           |            0             |    8     |       1        |    2    |  2   |    2    |  0   |     2      |     1     |     0     |   0   |           1            |           1            |        1        |           1           |         0          |          0          |          0          |        2        |
|      10      |           14           |            0             |    72    |       2        |    4    |  4   |    0    |  0   |     4      |     0     |     0     |   0   |           4            |           2            |        5        |           14          |         0          |          0          |          0          |        7        |
|      11      |           24           |            0             |    92    |       4        |    6    |  35  |    35   |  0   |     3      |     3     |     0     |   0   |           3            |           6            |        2        |           8           |         0          |          0          |          0          |        8        |
|      12      |           28           |            0             |    78    |       4        |    5    |  17  |    17   |  0   |     3      |     1     |     0     |   0   |           4            |           3            |        2        |           12          |         0          |          0          |          0          |        6        |
|      13      |           5            |            0             |    40    |       0        |    1    |  4   |    0    |  0   |     3      |     0     |     0     |   0   |           1            |           1            |        3        |           2           |         0          |          0          |          0          |        4        |
|      14      |           4            |            0             |    40    |       0        |    0    |  4   |    0    |  0   |     2      |     0     |     0     |   0   |           1            |           1            |        1        |           2           |         0          |          0          |          0          |        2        |
|      15      |           0            |            0             |    0     |       0        |    0    |  0   |    0    |  0   |     1      |     0     |     0     |   0   |           0            |           0            |        1        |           0           |         0          |          0          |          0          |        1        |
|      16      |           0            |            7             |    0     |       0        |    0    |  2   |    0    |  2   |     4      |     0     |     0     |   0   |           0            |           0            |        1        |           8           |         0          |          0          |          0          |        1        |
|      17      |           1            |            0             |    0     |       0        |    1    |  0   |    0    |  0   |     1      |     0     |     0     |   0   |           1            |           0            |        1        |           0           |         0          |          0          |          0          |        1        |
|      18      |           1            |            0             |    0     |       0        |    1    |  0   |    0    |  0   |     1      |     0     |     0     |   0   |           1            |           0            |        1        |           0           |         0          |          0          |          0          |        1        |
|      19      |           0            |            0             |    0     |       0        |    0    |  0   |    0    |  0   |     0      |     0     |     0     |   0   |           0            |           0            |        0        |           0           |         0          |          0          |          0          |        0        |
|              |                        |                          |          |                |         |      |         |      |            |           |           |       |                        |                        |                 |                       |                    |                     |                     |                 |
|    Totals    |          177           |            7             |   565    |       18       |    44   | 173  |   115   |  2   |     43     |     10    |     0     |   0   |           37           |           30           |        32       |           75          |         0          |          0          |          0          |        64       |
---------------------------------------------------------------------------------------------------------------------------------------------------------------------------------------------------------------------------------------------------------------------------------------------------------------------------------------------------------------


------------------------------------------------------------------------------------------------------------------------------------------------------------------------------------------------------------------------------------------------------------------------------------------------------------------------------------------------------------------
| Stage Number | Exact Match Input xbar | Ternary Match Input xbar | Hash Bit | Hash Dist Unit | Gateway |  SRAM  | Map RAM |  TCAM | VLIW Instr | Meter ALU | Stats ALU | Stash | Exact Match Search Bus | Exact Match Result Bus | Tind Result Bus | Action Data Bus Bytes | 8-bit Action Slots | 16-bit Action Slots | 32-bit Action Slots | Logical TableID |
------------------------------------------------------------------------------------------------------------------------------------------------------------------------------------------------------------------------------------------------------------------------------------------------------------------------------------------------------------------
|      0       |         5.47%          |          0.00%           |  9.62%   |     0.00%      |  43.75% | 5.00%  |  0.00%  | 0.00% |   9.38%    |   0.00%   |   0.00%   | 0.00% |         43.75%         |         6.25%          |      12.50%     |         6.25%         |       0.00%        |        0.00%        |        0.00%        |      56.25%     |
|      1       |         4.69%          |          0.00%           |  9.62%   |     0.00%      |  12.50% | 5.00%  |  0.00%  | 0.00% |   6.25%    |   0.00%   |   0.00%   | 0.00% |         12.50%         |         12.50%         |      6.25%      |         3.91%         |       0.00%        |        0.00%        |        0.00%        |      12.50%     |
|      2       |         23.44%         |          0.00%           |  16.59%  |     0.00%      |  12.50% | 90.00% |  75.00% | 0.00% |   9.38%    |   0.00%   |   0.00%   | 0.00% |         18.75%         |         12.50%         |      31.25%     |         3.91%         |       0.00%        |        0.00%        |        0.00%        |      31.25%     |
|      3       |         10.16%         |          0.00%           |  1.92%   |     16.67%     |  6.25%  | 0.00%  |  0.00%  | 0.00% |   6.25%    |   0.00%   |   0.00%   | 0.00% |         6.25%          |         6.25%          |      12.50%     |         3.91%         |       0.00%        |        0.00%        |        0.00%        |      12.50%     |
|      4       |         9.38%          |          0.00%           |  11.06%  |     33.33%     |  12.50% | 21.25% |  35.42% | 0.00% |   6.25%    |   25.00%  |   0.00%   | 0.00% |         6.25%          |         12.50%         |      0.00%      |         0.78%         |       0.00%        |        0.00%        |        0.00%        |      12.50%     |
|      5       |         5.47%          |          0.00%           |  1.92%   |     16.67%     |  18.75% | 2.50%  |  4.17%  | 0.00% |   6.25%    |   25.00%  |   0.00%   | 0.00% |         18.75%         |         12.50%         |      12.50%     |         0.78%         |       0.00%        |        0.00%        |        0.00%        |      18.75%     |
|      6       |         7.03%          |          0.00%           |  1.92%   |     16.67%     |  18.75% | 2.50%  |  4.17%  | 0.00% |   6.25%    |   25.00%  |   0.00%   | 0.00% |         12.50%         |         12.50%         |      12.50%     |         0.78%         |       0.00%        |        0.00%        |        0.00%        |      25.00%     |
|      7       |         2.34%          |          0.00%           |  1.92%   |     16.67%     |  12.50% | 2.50%  |  4.17%  | 0.00% |   3.12%    |   25.00%  |   0.00%   | 0.00% |         6.25%          |         12.50%         |      0.00%      |         0.78%         |       0.00%        |        0.00%        |        0.00%        |      12.50%     |
|      8       |         2.34%          |          0.00%           |  1.92%   |     16.67%     |  12.50% | 2.50%  |  4.17%  | 0.00% |   6.25%    |   25.00%  |   0.00%   | 0.00% |         6.25%          |         12.50%         |      0.00%      |         0.78%         |       0.00%        |        0.00%        |        0.00%        |      12.50%     |
|      9       |         7.81%          |          0.00%           |  1.92%   |     16.67%     |  12.50% | 2.50%  |  4.17%  | 0.00% |   6.25%    |   25.00%  |   0.00%   | 0.00% |         6.25%          |         6.25%          |      6.25%      |         0.78%         |       0.00%        |        0.00%        |        0.00%        |      12.50%     |
|      10      |         10.94%         |          0.00%           |  17.31%  |     33.33%     |  25.00% | 5.00%  |  0.00%  | 0.00% |   12.50%   |   0.00%   |   0.00%   | 0.00% |         25.00%         |         12.50%         |      31.25%     |         10.94%        |       0.00%        |        0.00%        |        0.00%        |      43.75%     |
|      11      |         18.75%         |          0.00%           |  22.12%  |     66.67%     |  37.50% | 43.75% |  72.92% | 0.00% |   9.38%    |   75.00%  |   0.00%   | 0.00% |         18.75%         |         37.50%         |      12.50%     |         6.25%         |       0.00%        |        0.00%        |        0.00%        |      50.00%     |
|      12      |         21.88%         |          0.00%           |  18.75%  |     66.67%     |  31.25% | 21.25% |  35.42% | 0.00% |   9.38%    |   25.00%  |   0.00%   | 0.00% |         25.00%         |         18.75%         |      12.50%     |         9.38%         |       0.00%        |        0.00%        |        0.00%        |      37.50%     |
|      13      |         3.91%          |          0.00%           |  9.62%   |     0.00%      |  6.25%  | 5.00%  |  0.00%  | 0.00% |   9.38%    |   0.00%   |   0.00%   | 0.00% |         6.25%          |         6.25%          |      18.75%     |         1.56%         |       0.00%        |        0.00%        |        0.00%        |      25.00%     |
|      14      |         3.12%          |          0.00%           |  9.62%   |     0.00%      |  0.00%  | 5.00%  |  0.00%  | 0.00% |   6.25%    |   0.00%   |   0.00%   | 0.00% |         6.25%          |         6.25%          |      6.25%      |         1.56%         |       0.00%        |        0.00%        |        0.00%        |      12.50%     |
|      15      |         0.00%          |          0.00%           |  0.00%   |     0.00%      |  0.00%  | 0.00%  |  0.00%  | 0.00% |   3.12%    |   0.00%   |   0.00%   | 0.00% |         0.00%          |         0.00%          |      6.25%      |         0.00%         |       0.00%        |        0.00%        |        0.00%        |      6.25%      |
|      16      |         0.00%          |          10.61%          |  0.00%   |     0.00%      |  0.00%  | 2.50%  |  0.00%  | 8.33% |   12.50%   |   0.00%   |   0.00%   | 0.00% |         0.00%          |         0.00%          |      6.25%      |         6.25%         |       0.00%        |        0.00%        |        0.00%        |      6.25%      |
|      17      |         0.78%          |          0.00%           |  0.00%   |     0.00%      |  6.25%  | 0.00%  |  0.00%  | 0.00% |   3.12%    |   0.00%   |   0.00%   | 0.00% |         6.25%          |         0.00%          |      6.25%      |         0.00%         |       0.00%        |        0.00%        |        0.00%        |      6.25%      |
|      18      |         0.78%          |          0.00%           |  0.00%   |     0.00%      |  6.25%  | 0.00%  |  0.00%  | 0.00% |   3.12%    |   0.00%   |   0.00%   | 0.00% |         6.25%          |         0.00%          |      6.25%      |         0.00%         |       0.00%        |        0.00%        |        0.00%        |      6.25%      |
|      19      |         0.00%          |          0.00%           |  0.00%   |     0.00%      |  0.00%  | 0.00%  |  0.00%  | 0.00% |   0.00%    |   0.00%   |   0.00%   | 0.00% |         0.00%          |         0.00%          |      0.00%      |         0.00%         |       0.00%        |        0.00%        |        0.00%        |      0.00%      |
|              |                        |                          |          |                |         |        |         |       |            |           |           |       |                        |                        |                 |                       |                    |                     |                     |                 |
|   Average    |         7.28%          |          0.56%           |  7.15%   |     15.79%     |  14.47% | 11.38% |  12.61% | 0.44% |   7.07%    |   13.16%  |   0.00%   | 0.00% |         12.17%         |         9.87%          |      10.53%     |         3.08%         |       0.00%        |        0.00%        |        0.00%        |      21.05%     |
------------------------------------------------------------------------------------------------------------------------------------------------------------------------------------------------------------------------------------------------------------------------------------------------------------------------------------------------------------------


Allocated Resource Usage
----------------------------------------------------------------------------------------------------------------------------------------------------------------------------
|                              Table                              | Stage  | Crossbar | Hash | Gateways | RAMs | TCAMs | Map  | Action |  VLIW |  Exm   |  Exm   |  Tind  |
|                               Name                              | Number |  Bytes   | Bits |          |      |       | RAMs |  Data  | Slots | Search | Result | Result |
|                                                                 |        |          |      |          |      |       |      |  Bus   |       |  Bus   |  Bus   |  Bus   |
|                                                                 |        |          |      |          |      |       |      | Bytes  |       |        |        |        |
----------------------------------------------------------------------------------------------------------------------------------------------------------------------------
|                   IngressParser.$PORT_METADATA                  |   -1   |    0     |  0   |    0     |  0   |   0   |  0   |   0    |   0   |   0    |   0    |   0    |
|                  Ingress.ingress_port_to_nf_dev                 |   0    |    2     |  40  |    0     |  4   |   0   |  0   |   4    |   4   |   1    |   1    |   0    |
|                             cond-23                             |   0    |    1     |  0   |    1     |  0   |   0   |  0   |   0    |   0   |   1    |   0    |   0    |
|                             cond-24                             |   0    |    2     |  0   |    1     |  0   |   0   |  0   |   0    |   0   |   1    |   0    |   0    |
|                             cond-25                             |   0    |    1     |  0   |    1     |  0   |   0   |  0   |   0    |   0   |   1    |   0    |   0    |
|                             cond-26                             |   0    |    1     |  0   |    1     |  0   |   0   |  0   |   0    |   0   |   1    |   0    |   0    |
|                             cond-27                             |   0    |    1     |  0   |    1     |  0   |   0   |  0   |   0    |   0   |   1    |   0    |   0    |
|                             cond-28                             |   0    |    1     |  0   |    1     |  0   |   0   |  0   |   0    |   0   |   1    |   0    |   0    |
|                             cond-29                             |   0    |    1     |  0   |    1     |  0   |   0   |  0   |   0    |   0   |   1    |   0    |   0    |
|               tbl_natf40000c10000zipf1hmaxtput372               |   0    |    0     |  0   |    0     |  0   |   0   |  0   |   4    |   1   |   0    |   0    |   1    |
|               tbl_natf40000c10000zipf1hmaxtput768               |   0    |    0     |  0   |    0     |  0   |   0   |  0   |   0    |   1   |   0    |   0    |   1    |
|              Ingress.vector_table_1251982962688_139             |   1    |    4     |  40  |    0     |  4   |   0   |  0   |   4    |   2   |   1    |   1    |   0    |
|                             cond-30                             |   1    |    1     |  0   |    1     |  0   |   0   |  0   |   0    |   0   |   1    |   0    |   0    |
| ingresshdr.hdr2_tcp_rest.csum_encode_update_condition_3-gateway |   1    |    2     |  0   |    1     |  0   |   0   |  0   |   0    |   0   |   1    |   0    |   1    |
| ingresshdr.hdr2_tcp_rest.csum_encode_update_condition_3_ingress |   1    |    0     |  0   |    0     |  0   |   0   |  0   |   1    |   2   |   0    |   1    |   0    |
|             Ingress.fcfs_ct_1249835474944_table_163             |   2    |    24    |  69  |    0     |  72  |   0   |  36  |   4    |   2   |   1    |   1    |   0    |
|                             cond-31                             |   2    |    4     |  0   |    1     |  0   |   0   |  0   |   0    |   0   |   1    |   0    |   1    |
| ingresshdr.hdr2_udp_rest.csum_encode_update_condition_2-gateway |   2    |    2     |  0   |    1     |  0   |   0   |  0   |   0    |   0   |   1    |   0    |   1    |
| ingresshdr.hdr2_udp_rest.csum_encode_update_condition_2_ingress |   2    |    0     |  0   |    0     |  0   |   0   |  0   |   1    |   2   |   0    |   1    |   0    |
|                            tbl_act_0                            |   2    |    0     |  0   |    0     |  0   |   0   |  0   |   0    |   1   |   0    |   0    |   1    |
|              tbl_natf40000c10000zipf1hmaxtput806_0              |   2    |    0     |  0   |    0     |  0   |   0   |  0   |   0    |   1   |   0    |   0    |   1    |
|               tbl_natf40000c10000zipf1hmaxtput876               |   2    |    0     |  0   |    0     |  0   |   0   |  0   |   0    |   1   |   0    |   0    |   1    |
|                             cond-37                             |   3    |    1     |  0   |    1     |  0   |   0   |  0   |   0    |   0   |   1    |   0    |   1    |
|             tbl_fcfs_ct_1249835474944_hash_163_calc             |   3    |    12    |  8   |    0     |  0   |   0   |  0   |   5    |   1   |   0    |   1    |   0    |
|               tbl_natf40000c10000zipf1hmaxtput1011              |   3    |    0     |  0   |    0     |  0   |   0   |  0   |   0    |   1   |   0    |   0    |   1    |
|            Ingress.fcfs_ct_1249835474944_reg_liveness           |   4    |    4     |  0   |    0     |  17  |   0   |  17  |   0    |   0   |   0    |   0    |   0    |
|                             tbl_act                             |   4    |    4     |  23  |    0     |  0   |   0   |  0   |   1    |   1   |   0    |   1    |   0    |
|                         tbl_act-gateway                         |   4    |    0     |  0   |    1     |  0   |   0   |  0   |   0    |   0   |   1    |   0    |   0    |
|               tbl_natf40000c10000zipf1hmaxtput884               |   4    |    4     |  23  |    0     |  0   |   0   |  0   |   1    |   1   |   0    |   1    |   0    |
|           tbl_natf40000c10000zipf1hmaxtput884-gateway           |   4    |    0     |  0   |    1     |  0   |   0   |  0   |   0    |   0   |   1    |   0    |   0    |
|             Ingress.fcfs_ct_1249835474944_reg_key_0             |   5    |    4     |  0   |    0     |  2   |   0   |  2   |   0    |   0   |   0    |   0    |   0    |
|                             cond-32                             |   5    |    1     |  0   |    1     |  0   |   0   |  0   |   0    |   0   |   1    |   0    |   0    |
|                             cond-38                             |   5    |    1     |  0   |    1     |  0   |   0   |  0   |   0    |   0   |   1    |   0    |   1    |
|               tbl_fcfs_ct_1249835474944_check_key               |   5    |    1     |  8   |    0     |  0   |   0   |  0   |   1    |   1   |   0    |   1    |   0    |
|               tbl_natf40000c10000zipf1hmaxtput809               |   5    |    0     |  0   |    0     |  0   |   0   |  0   |   0    |   1   |   0    |   0    |   1    |
|               tbl_natf40000c10000zipf1hmaxtput897               |   5    |    0     |  0   |    0     |  0   |   0   |  0   |   1    |   1   |   0    |   1    |   0    |
|           tbl_natf40000c10000zipf1hmaxtput897-gateway           |   5    |    0     |  0   |    1     |  0   |   0   |  0   |   0    |   0   |   1    |   0    |   0    |
|             Ingress.fcfs_ct_1249835474944_reg_key_1             |   6    |    4     |  0   |    0     |  2   |   0   |  2   |   0    |   0   |   0    |   0    |   0    |
|                             cond-33                             |   6    |    4     |  0   |    1     |  0   |   0   |  0   |   0    |   0   |   1    |   0    |   0    |
|              tbl_fcfs_ct_1249835474944_check_key_0              |   6    |    1     |  8   |    0     |  0   |   0   |  0   |   1    |   1   |   0    |   1    |   0    |
|          tbl_fcfs_ct_1249835474944_check_key_0-gateway          |   6    |    0     |  0   |    1     |  0   |   0   |  0   |   0    |   0   |   1    |   0    |   0    |
|               tbl_natf40000c10000zipf1hmaxtput818               |   6    |    0     |  0   |    0     |  0   |   0   |  0   |   0    |   1   |   0    |   0    |   1    |
|               tbl_natf40000c10000zipf1hmaxtput869               |   6    |    0     |  0   |    0     |  0   |   0   |  0   |   0    |   1   |   0    |   0    |   1    |
|               tbl_natf40000c10000zipf1hmaxtput898               |   6    |    0     |  0   |    0     |  0   |   0   |  0   |   1    |   1   |   0    |   1    |   0    |
|           tbl_natf40000c10000zipf1hmaxtput898-gateway           |   6    |    0     |  0   |    1     |  0   |   0   |  0   |   0    |   0   |   1    |   0    |   0    |
|             Ingress.fcfs_ct_1249835474944_reg_key_2             |   7    |    2     |  0   |    0     |  2   |   0   |  2   |   0    |   0   |   0    |   0    |   0    |
|              tbl_fcfs_ct_1249835474944_check_key_1              |   7    |    1     |  8   |    0     |  0   |   0   |  0   |   1    |   1   |   0    |   1    |   0    |
|          tbl_fcfs_ct_1249835474944_check_key_1-gateway          |   7    |    0     |  0   |    1     |  0   |   0   |  0   |   0    |   0   |   1    |   0    |   0    |
|               tbl_natf40000c10000zipf1hmaxtput899               |   7    |    0     |  0   |    0     |  0   |   0   |  0   |   1    |   1   |   0    |   1    |   0    |
|           tbl_natf40000c10000zipf1hmaxtput899-gateway           |   7    |    0     |  0   |    1     |  0   |   0   |  0   |   0    |   0   |   1    |   0    |   0    |
|             Ingress.fcfs_ct_1249835474944_reg_key_3             |   8    |    2     |  0   |    0     |  2   |   0   |  2   |   0    |   0   |   0    |   0    |   0    |
|              tbl_fcfs_ct_1249835474944_check_key_2              |   8    |    1     |  8   |    0     |  0   |   0   |  0   |   1    |   1   |   0    |   1    |   0    |
|          tbl_fcfs_ct_1249835474944_check_key_2-gateway          |   8    |    0     |  0   |    1     |  0   |   0   |  0   |   0    |   0   |   1    |   0    |   0    |
|               tbl_natf40000c10000zipf1hmaxtput900               |   8    |    0     |  0   |    0     |  0   |   0   |  0   |   1    |   1   |   0    |   1    |   0    |
|           tbl_natf40000c10000zipf1hmaxtput900-gateway           |   8    |    0     |  0   |    1     |  0   |   0   |  0   |   0    |   0   |   1    |   0    |   0    |
|           Ingress.fcfs_ct_1249835474944_reg_punt_gate           |   9    |    8     |  0   |    0     |  2   |   0   |  2   |   0    |   0   |   0    |   0    |   0    |
|                             cond-39                             |   9    |    1     |  0   |    1     |  0   |   0   |  0   |   0    |   0   |   1    |   0    |   0    |
|               tbl_natf40000c10000zipf1hmaxtput891               |   9    |    0     |  0   |    0     |  0   |   0   |  0   |   0    |   1   |   0    |   0    |   1    |
|                          tbl_punt_gate                          |   9    |    1     |  8   |    0     |  0   |   0   |  0   |   1    |   1   |   0    |   1    |   0    |
|                      tbl_punt_gate-gateway                      |   9    |    0     |  0   |    1     |  0   |   0   |  0   |   0    |   0   |   1    |   0    |   0    |
|              Ingress.vector_table_1248761733120_175             |   10   |    4     |  40  |    0     |  4   |   0   |  0   |   2    |   2   |   1    |   1    |   0    |
|                             cond-40                             |   10   |    1     |  0   |    1     |  0   |   0   |  0   |   0    |   0   |   1    |   0    |   0    |
|                             cond-41                             |   10   |    4     |  0   |    1     |  0   |   0   |  0   |   0    |   0   |   1    |   0    |   0    |
|                             cond-42                             |   10   |    1     |  0   |    1     |  0   |   0   |  0   |   0    |   0   |   1    |   0    |   0    |
|                        tbl_build_cpu_hdr                        |   10   |    0     |  0   |    0     |  0   |   0   |  0   |   4    |   1   |   0    |   0    |   1    |
|               tbl_natf40000c10000zipf1hmaxtput922               |   10   |    8     |  32  |    0     |  0   |   0   |  0   |   4    |   1   |   0    |   1    |   0    |
|           tbl_natf40000c10000zipf1hmaxtput922-gateway           |   10   |    0     |  0   |    1     |  0   |   0   |  0   |   0    |   0   |   1    |   0    |   0    |
|               tbl_natf40000c10000zipf1hmaxtput943               |   10   |    0     |  0   |    0     |  0   |   0   |  0   |   0    |   1   |   0    |   0    |   1    |
|               tbl_natf40000c10000zipf1hmaxtput976               |   10   |    0     |  0   |    0     |  0   |   0   |  0   |   0    |   1   |   0    |   0    |   1    |
|               tbl_natf40000c10000zipf1hmaxtput980               |   10   |    0     |  0   |    0     |  0   |   0   |  0   |   0    |   1   |   0    |   0    |   1    |
|                          tbl_rewrite_2                          |   10   |    0     |  0   |    0     |  0   |   0   |  0   |   4    |   1   |   0    |   0    |   1    |
|             Ingress.vector_register_1247687987200_1             |   11   |    4     |  0   |    0     |  17  |   0   |  17  |   0    |   0   |   0    |   0    |   0    |
|             Ingress.vector_register_1247687987200_2             |   11   |    2     |  0   |    0     |  9   |   0   |  9   |   0    |   0   |   0    |   0    |   0    |
|             Ingress.vector_register_1247687987200_3             |   11   |    2     |  0   |    0     |  9   |   0   |  9   |   0    |   0   |   0    |   0    |   0    |
|               tbl_natf40000c10000zipf1hmaxtput965               |   11   |    0     |  0   |    0     |  0   |   0   |  0   |   0    |   1   |   0    |   0    |   1    |
|               tbl_natf40000c10000zipf1hmaxtput974               |   11   |    0     |  0   |    0     |  0   |   0   |  0   |   0    |   1   |   0    |   0    |   1    |
|         tbl_regexec_vector_register_1247687987200_1_read        |   11   |    4     |  23  |    0     |  0   |   0   |  0   |   4    |   1   |   0    |   1    |   0    |
|     tbl_regexec_vector_register_1247687987200_1_read-gateway    |   11   |    0     |  0   |    1     |  0   |   0   |  0   |   0    |   0   |   1    |   0    |   0    |
|        tbl_regexec_vector_register_1247687987200_1_write        |   11   |    4     |  23  |    0     |  0   |   0   |  0   |   4    |   1   |   0    |   1    |   0    |
|    tbl_regexec_vector_register_1247687987200_1_write-gateway    |   11   |    0     |  0   |    1     |  0   |   0   |  0   |   0    |   0   |   1    |   0    |   0    |
|         tbl_regexec_vector_register_1247687987200_2_read        |   11   |    0     |  0   |    0     |  0   |   0   |  0   |   2    |   1   |   0    |   1    |   0    |
|     tbl_regexec_vector_register_1247687987200_2_read-gateway    |   11   |    0     |  0   |    1     |  0   |   0   |  0   |   0    |   0   |   1    |   0    |   0    |
|        tbl_regexec_vector_register_1247687987200_2_write        |   11   |    0     |  0   |    0     |  0   |   0   |  0   |   2    |   1   |   0    |   1    |   0    |
|    tbl_regexec_vector_register_1247687987200_2_write-gateway    |   11   |    0     |  0   |    1     |  0   |   0   |  0   |   0    |   0   |   1    |   0    |   0    |
|         tbl_regexec_vector_register_1247687987200_3_read        |   11   |    4     |  23  |    0     |  0   |   0   |  0   |   2    |   1   |   0    |   1    |   0    |
|     tbl_regexec_vector_register_1247687987200_3_read-gateway    |   11   |    0     |  0   |    1     |  0   |   0   |  0   |   0    |   0   |   1    |   0    |   0    |
|        tbl_regexec_vector_register_1247687987200_3_write        |   11   |    4     |  23  |    0     |  0   |   0   |  0   |   2    |   1   |   0    |   1    |   0    |
|    tbl_regexec_vector_register_1247687987200_3_write-gateway    |   11   |    0     |  0   |    1     |  0   |   0   |  0   |   0    |   0   |   1    |   0    |   0    |
|             Ingress.vector_register_1247687987200_0             |   12   |    4     |  0   |    0     |  17  |   0   |  17  |   0    |   0   |   0    |   0    |   0    |
|                             cond-34                             |   12   |    8     |  0   |    1     |  0   |   0   |  0   |   0    |   0   |   1    |   0    |   0    |
|                             cond-35                             |   12   |    4     |  0   |    1     |  0   |   0   |  0   |   0    |   0   |   1    |   0    |   0    |
|               tbl_natf40000c10000zipf1hmaxtput832               |   12   |    0     |  0   |    0     |  0   |   0   |  0   |   0    |   1   |   0    |   0    |   1    |
|               tbl_natf40000c10000zipf1hmaxtput959               |   12   |    8     |  32  |    0     |  0   |   0   |  0   |   4    |   1   |   0    |   1    |   0    |
|           tbl_natf40000c10000zipf1hmaxtput959-gateway           |   12   |    0     |  0   |    1     |  0   |   0   |  0   |   0    |   0   |   1    |   0    |   0    |
|         tbl_regexec_vector_register_1247687987200_0_read        |   12   |    4     |  23  |    0     |  0   |   0   |  0   |   4    |   1   |   0    |   1    |   0    |
|     tbl_regexec_vector_register_1247687987200_0_read-gateway    |   12   |    0     |  0   |    1     |  0   |   0   |  0   |   0    |   0   |   1    |   0    |   0    |
|        tbl_regexec_vector_register_1247687987200_0_write        |   12   |    4     |  23  |    0     |  0   |   0   |  0   |   4    |   1   |   0    |   1    |   0    |
|    tbl_regexec_vector_register_1247687987200_0_write-gateway    |   12   |    0     |  0   |    1     |  0   |   0   |  0   |   0    |   0   |   1    |   0    |   0    |
|                          tbl_rewrite_4                          |   12   |    0     |  0   |    0     |  0   |   0   |  0   |   4    |   1   |   0    |   0    |   1    |
|              Ingress.vector_table_1248761733120_149             |   13   |    4     |  40  |    0     |  4   |   0   |  0   |   2    |   2   |   1    |   1    |   0    |
|                             cond-36                             |   13   |    1     |  0   |    1     |  0   |   0   |  0   |   0    |   0   |   1    |   0    |   0    |
|               tbl_natf40000c10000zipf1hmaxtput862               |   13   |    0     |  0   |    0     |  0   |   0   |  0   |   0    |   1   |   0    |   0    |   1    |
|                           tbl_rewrite                           |   13   |    0     |  0   |    0     |  0   |   0   |  0   |   0    |   1   |   0    |   0    |   1    |
|                          tbl_rewrite_0                          |   13   |    0     |  0   |    0     |  0   |   0   |  0   |   0    |   1   |   0    |   0    |   1    |
|              Ingress.vector_table_1248761733120_183             |   14   |    4     |  40  |    0     |  4   |   0   |  0   |   2    |   2   |   1    |   1    |   0    |
|               tbl_natf40000c10000zipf1hmaxtput854               |   14   |    0     |  0   |    0     |  0   |   0   |  0   |   0    |   1   |   0    |   0    |   1    |
|               tbl_natf40000c10000zipf1hmaxtput928               |   15   |    0     |  0   |    0     |  0   |   0   |  0   |   0    |   1   |   0    |   0    |   1    |
|                      Ingress.forwarding_tbl                     |   16   |    7     |  0   |    0     |  1   |   2   |  0   |   8    |   4   |   0    |   0    |   1    |
|                  Ingress.forwarding_tbl$action                  |   16   |    0     |  0   |    0     |  1   |   0   |  0   |   0    |   0   |   0    |   0    |   0    |
|                             cond-44                             |   17   |    1     |  0   |    1     |  0   |   0   |  0   |   0    |   0   |   1    |   0    |   0    |
|               tbl_natf40000c10000zipf1hmaxtput1008              |   17   |    0     |  0   |    0     |  0   |   0   |  0   |   0    |   1   |   0    |   0    |   1    |
|                             cond-43                             |   18   |    1     |  0   |    1     |  0   |   0   |  0   |   0    |   0   |   1    |   0    |   0    |
|               tbl_natf40000c10000zipf1hmaxtput1005              |   18   |    0     |  0   |    0     |  0   |   0   |  0   |   0    |   1   |   0    |   0    |   1    |
----------------------------------------------------------------------------------------------------------------------------------------------------------------------------

