+---------------------------------------------------------------------+
|  Log file: mau.resources.log                                        |
|  Compiler version: 9.13.4                                           |
|  Created on: Fri Jan 30 10:12:59 2026                               |
|  Run ID: 5ad323628f814556                                           |
+---------------------------------------------------------------------+


---------------------------------------------------------------------------------------------------------------------------------------------------------------------------------------------------------------------------------------------------------------------------------------------------------------------------------------------------------------
| Stage Number | Exact Match Input xbar | Ternary Match Input xbar | Hash Bit | Hash Dist Unit | Gateway | SRAM | Map RAM | TCAM | VLIW Instr | Meter ALU | Stats ALU | Stash | Exact Match Search Bus | Exact Match Result Bus | Tind Result Bus | Action Data Bus Bytes | 8-bit Action Slots | 16-bit Action Slots | 32-bit Action Slots | Logical TableID |
---------------------------------------------------------------------------------------------------------------------------------------------------------------------------------------------------------------------------------------------------------------------------------------------------------------------------------------------------------------
|      0       |           4            |            0             |    40    |       0        |    3    |  4   |    0    |  0   |     3      |     0     |     0     |   0   |           3            |           1            |        2        |           4           |         0          |          0          |          0          |        5        |
|      1       |           5            |            0             |    40    |       0        |    2    |  4   |    0    |  0   |     1      |     0     |     0     |   0   |           2            |           1            |        0        |           4           |         0          |          0          |          0          |        2        |
|      2       |           28           |            0             |    69    |       0        |    1    |  72  |    36   |  0   |     3      |     0     |     0     |   0   |           2            |           1            |        4        |           4           |         0          |          0          |          0          |        4        |
|      3       |           13           |            0             |    13    |       1        |    1    |  0   |    0    |  0   |     1      |     0     |     0     |   0   |           1            |           1            |        1        |           6           |         0          |          0          |          0          |        1        |
|      4       |           12           |            0             |    46    |       2        |    2    |  17  |    17   |  0   |     2      |     1     |     0     |   0   |           1            |           2            |        0        |           3           |         0          |          0          |          0          |        2        |
|      5       |           8            |            0             |    13    |       1        |    3    |  3   |    3    |  0   |     2      |     1     |     0     |   0   |           3            |           2            |        2        |           1           |         0          |          0          |          0          |        3        |
|      6       |           10           |            0             |    13    |       1        |    3    |  3   |    3    |  0   |     2      |     1     |     0     |   0   |           2            |           2            |        1        |           1           |         0          |          0          |          0          |        3        |
|      7       |           4            |            0             |    13    |       1        |    2    |  2   |    2    |  0   |     1      |     1     |     0     |   0   |           1            |           2            |        0        |           1           |         0          |          0          |          0          |        2        |
|      8       |           4            |            0             |    13    |       1        |    2    |  2   |    2    |  0   |     2      |     1     |     0     |   0   |           1            |           2            |        0        |           1           |         0          |          0          |          0          |        2        |
|      9       |           1            |            0             |    0     |       0        |    1    |  0   |    0    |  0   |     1      |     0     |     0     |   0   |           1            |           0            |        1        |           0           |         0          |          0          |          0          |        1        |
|      10      |           26           |            0             |    92    |       4        |    5    |  27  |    26   |  0   |     4      |     2     |     0     |   0   |           4            |           4            |        5        |           14          |         0          |          0          |          0          |        8        |
|      11      |           30           |            0             |    92    |       4        |    5    |  26  |    26   |  0   |     3      |     2     |     0     |   0   |           3            |           4            |        3        |           8           |         0          |          0          |          0          |        8        |
|      12      |           4            |            0             |    0     |       0        |    1    |  0   |    0    |  0   |     2      |     0     |     0     |   0   |           1            |           0            |        3        |           0           |         0          |          0          |          0          |        3        |
|      13      |           5            |            0             |    40    |       0        |    1    |  4   |    0    |  0   |     3      |     0     |     0     |   0   |           1            |           1            |        3        |           2           |         0          |          0          |          0          |        4        |
|      14      |           8            |            0             |    80    |       0        |    0    |  8   |    0    |  0   |     2      |     0     |     0     |   0   |           2            |           2            |        1        |           4           |         0          |          0          |          0          |        3        |
|      15      |           0            |            0             |    0     |       0        |    0    |  0   |    0    |  0   |     2      |     0     |     0     |   0   |           0            |           0            |        2        |           0           |         0          |          0          |          0          |        2        |
|      16      |           0            |            7             |    0     |       0        |    0    |  2   |    0    |  2   |     4      |     0     |     0     |   0   |           0            |           0            |        1        |           6           |         0          |          0          |          0          |        1        |
|      17      |           0            |            0             |    0     |       0        |    0    |  0   |    0    |  0   |     0      |     0     |     0     |   0   |           0            |           0            |        0        |           0           |         0          |          0          |          0          |        0        |
|      18      |           0            |            0             |    0     |       0        |    0    |  0   |    0    |  0   |     0      |     0     |     0     |   0   |           0            |           0            |        0        |           0           |         0          |          0          |          0          |        0        |
|      19      |           0            |            0             |    0     |       0        |    0    |  0   |    0    |  0   |     0      |     0     |     0     |   0   |           0            |           0            |        0        |           0           |         0          |          0          |          0          |        0        |
|              |                        |                          |          |                |         |      |         |      |            |           |           |       |                        |                        |                 |                       |                    |                     |                     |                 |
|    Totals    |          162           |            7             |   564    |       15       |    32   | 174  |   115   |  2   |     38     |     9     |     0     |   0   |           28           |           25           |        29       |           59          |         0          |          0          |          0          |        54       |
---------------------------------------------------------------------------------------------------------------------------------------------------------------------------------------------------------------------------------------------------------------------------------------------------------------------------------------------------------------


------------------------------------------------------------------------------------------------------------------------------------------------------------------------------------------------------------------------------------------------------------------------------------------------------------------------------------------------------------------
| Stage Number | Exact Match Input xbar | Ternary Match Input xbar | Hash Bit | Hash Dist Unit | Gateway |  SRAM  | Map RAM |  TCAM | VLIW Instr | Meter ALU | Stats ALU | Stash | Exact Match Search Bus | Exact Match Result Bus | Tind Result Bus | Action Data Bus Bytes | 8-bit Action Slots | 16-bit Action Slots | 32-bit Action Slots | Logical TableID |
------------------------------------------------------------------------------------------------------------------------------------------------------------------------------------------------------------------------------------------------------------------------------------------------------------------------------------------------------------------
|      0       |         3.12%          |          0.00%           |  9.62%   |     0.00%      |  18.75% | 5.00%  |  0.00%  | 0.00% |   9.38%    |   0.00%   |   0.00%   | 0.00% |         18.75%         |         6.25%          |      12.50%     |         3.12%         |       0.00%        |        0.00%        |        0.00%        |      31.25%     |
|      1       |         3.91%          |          0.00%           |  9.62%   |     0.00%      |  12.50% | 5.00%  |  0.00%  | 0.00% |   3.12%    |   0.00%   |   0.00%   | 0.00% |         12.50%         |         6.25%          |      0.00%      |         3.12%         |       0.00%        |        0.00%        |        0.00%        |      12.50%     |
|      2       |         21.88%         |          0.00%           |  16.59%  |     0.00%      |  6.25%  | 90.00% |  75.00% | 0.00% |   9.38%    |   0.00%   |   0.00%   | 0.00% |         12.50%         |         6.25%          |      25.00%     |         3.12%         |       0.00%        |        0.00%        |        0.00%        |      25.00%     |
|      3       |         10.16%         |          0.00%           |  3.12%   |     16.67%     |  6.25%  | 0.00%  |  0.00%  | 0.00% |   3.12%    |   0.00%   |   0.00%   | 0.00% |         6.25%          |         6.25%          |      6.25%      |         4.69%         |       0.00%        |        0.00%        |        0.00%        |      6.25%      |
|      4       |         9.38%          |          0.00%           |  11.06%  |     33.33%     |  12.50% | 21.25% |  35.42% | 0.00% |   6.25%    |   25.00%  |   0.00%   | 0.00% |         6.25%          |         12.50%         |      0.00%      |         2.34%         |       0.00%        |        0.00%        |        0.00%        |      12.50%     |
|      5       |         6.25%          |          0.00%           |  3.12%   |     16.67%     |  18.75% | 3.75%  |  6.25%  | 0.00% |   6.25%    |   25.00%  |   0.00%   | 0.00% |         18.75%         |         12.50%         |      12.50%     |         0.78%         |       0.00%        |        0.00%        |        0.00%        |      18.75%     |
|      6       |         7.81%          |          0.00%           |  3.12%   |     16.67%     |  18.75% | 3.75%  |  6.25%  | 0.00% |   6.25%    |   25.00%  |   0.00%   | 0.00% |         12.50%         |         12.50%         |      6.25%      |         0.78%         |       0.00%        |        0.00%        |        0.00%        |      18.75%     |
|      7       |         3.12%          |          0.00%           |  3.12%   |     16.67%     |  12.50% | 2.50%  |  4.17%  | 0.00% |   3.12%    |   25.00%  |   0.00%   | 0.00% |         6.25%          |         12.50%         |      0.00%      |         0.78%         |       0.00%        |        0.00%        |        0.00%        |      12.50%     |
|      8       |         3.12%          |          0.00%           |  3.12%   |     16.67%     |  12.50% | 2.50%  |  4.17%  | 0.00% |   6.25%    |   25.00%  |   0.00%   | 0.00% |         6.25%          |         12.50%         |      0.00%      |         0.78%         |       0.00%        |        0.00%        |        0.00%        |      12.50%     |
|      9       |         0.78%          |          0.00%           |  0.00%   |     0.00%      |  6.25%  | 0.00%  |  0.00%  | 0.00% |   3.12%    |   0.00%   |   0.00%   | 0.00% |         6.25%          |         0.00%          |      6.25%      |         0.00%         |       0.00%        |        0.00%        |        0.00%        |      6.25%      |
|      10      |         20.31%         |          0.00%           |  22.12%  |     66.67%     |  31.25% | 33.75% |  54.17% | 0.00% |   12.50%   |   50.00%  |   0.00%   | 0.00% |         25.00%         |         25.00%         |      31.25%     |         10.94%        |       0.00%        |        0.00%        |        0.00%        |      50.00%     |
|      11      |         23.44%         |          0.00%           |  22.12%  |     66.67%     |  31.25% | 32.50% |  54.17% | 0.00% |   9.38%    |   50.00%  |   0.00%   | 0.00% |         18.75%         |         25.00%         |      18.75%     |         6.25%         |       0.00%        |        0.00%        |        0.00%        |      50.00%     |
|      12      |         3.12%          |          0.00%           |  0.00%   |     0.00%      |  6.25%  | 0.00%  |  0.00%  | 0.00% |   6.25%    |   0.00%   |   0.00%   | 0.00% |         6.25%          |         0.00%          |      18.75%     |         0.00%         |       0.00%        |        0.00%        |        0.00%        |      18.75%     |
|      13      |         3.91%          |          0.00%           |  9.62%   |     0.00%      |  6.25%  | 5.00%  |  0.00%  | 0.00% |   9.38%    |   0.00%   |   0.00%   | 0.00% |         6.25%          |         6.25%          |      18.75%     |         1.56%         |       0.00%        |        0.00%        |        0.00%        |      25.00%     |
|      14      |         6.25%          |          0.00%           |  19.23%  |     0.00%      |  0.00%  | 10.00% |  0.00%  | 0.00% |   6.25%    |   0.00%   |   0.00%   | 0.00% |         12.50%         |         12.50%         |      6.25%      |         3.12%         |       0.00%        |        0.00%        |        0.00%        |      18.75%     |
|      15      |         0.00%          |          0.00%           |  0.00%   |     0.00%      |  0.00%  | 0.00%  |  0.00%  | 0.00% |   6.25%    |   0.00%   |   0.00%   | 0.00% |         0.00%          |         0.00%          |      12.50%     |         0.00%         |       0.00%        |        0.00%        |        0.00%        |      12.50%     |
|      16      |         0.00%          |          10.61%          |  0.00%   |     0.00%      |  0.00%  | 2.50%  |  0.00%  | 8.33% |   12.50%   |   0.00%   |   0.00%   | 0.00% |         0.00%          |         0.00%          |      6.25%      |         4.69%         |       0.00%        |        0.00%        |        0.00%        |      6.25%      |
|      17      |         0.00%          |          0.00%           |  0.00%   |     0.00%      |  0.00%  | 0.00%  |  0.00%  | 0.00% |   0.00%    |   0.00%   |   0.00%   | 0.00% |         0.00%          |         0.00%          |      0.00%      |         0.00%         |       0.00%        |        0.00%        |        0.00%        |      0.00%      |
|      18      |         0.00%          |          0.00%           |  0.00%   |     0.00%      |  0.00%  | 0.00%  |  0.00%  | 0.00% |   0.00%    |   0.00%   |   0.00%   | 0.00% |         0.00%          |         0.00%          |      0.00%      |         0.00%         |       0.00%        |        0.00%        |        0.00%        |      0.00%      |
|      19      |         0.00%          |          0.00%           |  0.00%   |     0.00%      |  0.00%  | 0.00%  |  0.00%  | 0.00% |   0.00%    |   0.00%   |   0.00%   | 0.00% |         0.00%          |         0.00%          |      0.00%      |         0.00%         |       0.00%        |        0.00%        |        0.00%        |      0.00%      |
|              |                        |                          |          |                |         |        |         |       |            |           |           |       |                        |                        |                 |                       |                    |                     |                     |                 |
|   Average    |         7.44%          |          0.62%           |  7.98%   |     14.71%     |  11.76% | 12.79% |  14.09% | 0.49% |   6.99%    |   13.24%  |   0.00%   | 0.00% |         10.29%         |         9.19%          |      10.66%     |         2.71%         |       0.00%        |        0.00%        |        0.00%        |      19.85%     |
------------------------------------------------------------------------------------------------------------------------------------------------------------------------------------------------------------------------------------------------------------------------------------------------------------------------------------------------------------------


Allocated Resource Usage
----------------------------------------------------------------------------------------------------------------------------------------------------------
|                     Table                     | Stage  | Crossbar | Hash | Gateways | RAMs | TCAMs | Map  | Action |  VLIW |  Exm   |  Exm   |  Tind  |
|                      Name                     | Number |  Bytes   | Bits |          |      |       | RAMs |  Data  | Slots | Search | Result | Result |
|                                               |        |          |      |          |      |       |      |  Bus   |       |  Bus   |  Bus   |  Bus   |
|                                               |        |          |      |          |      |       |      | Bytes  |       |        |        |        |
----------------------------------------------------------------------------------------------------------------------------------------------------------
|          IngressParser.$PORT_METADATA         |   -1   |    0     |  0   |    0     |  0   |   0   |  0   |   0    |   0   |   0    |   0    |   0    |
|         Ingress.ingress_port_to_nf_dev        |   0    |    2     |  40  |    0     |  4   |   0   |  0   |   4    |   3   |   1    |   1    |   0    |
|                    cond-17                    |   0    |    2     |  0   |    1     |  0   |   0   |  0   |   0    |   0   |   1    |   0    |   0    |
|                    cond-18                    |   0    |    1     |  0   |    1     |  0   |   0   |  0   |   0    |   0   |   1    |   0    |   0    |
|                    cond-19                    |   0    |    1     |  0   |    1     |  0   |   0   |  0   |   0    |   0   |   1    |   0    |   0    |
|     tbl_natf40000c10000zipf0_8hmaxtput586     |   0    |    0     |  0   |    0     |  0   |   0   |  0   |   0    |   1   |   0    |   0    |   1    |
|     tbl_natf40000c10000zipf0_8hmaxtput806     |   0    |    0     |  0   |    0     |  0   |   0   |  0   |   0    |   1   |   0    |   0    |   1    |
|      Ingress.vector_table_1074085544_139      |   1    |    4     |  40  |    0     |  4   |   0   |  0   |   4    |   2   |   1    |   1    |   0    |
|                    cond-20                    |   1    |    1     |  0   |    1     |  0   |   0   |  0   |   0    |   0   |   1    |   0    |   0    |
|                    cond-21                    |   1    |    1     |  0   |    1     |  0   |   0   |  0   |   0    |   0   |   1    |   0    |   0    |
|      Ingress.fcfs_ct_1074053136_table_163     |   2    |    24    |  69  |    0     |  72  |   0   |  36  |   4    |   2   |   1    |   1    |   0    |
|                    cond-22                    |   2    |    4     |  0   |    1     |  0   |   0   |  0   |   0    |   0   |   1    |   0    |   1    |
|                   tbl_act_0                   |   2    |    0     |  0   |    0     |  0   |   0   |  0   |   0    |   1   |   0    |   0    |   1    |
|    tbl_natf40000c10000zipf0_8hmaxtput622_0    |   2    |    0     |  0   |    0     |  0   |   0   |  0   |   0    |   1   |   0    |   0    |   1    |
|     tbl_natf40000c10000zipf0_8hmaxtput689     |   2    |    0     |  0   |    0     |  0   |   0   |  0   |   0    |   1   |   0    |   0    |   1    |
|                    cond-28                    |   3    |    1     |  0   |    1     |  0   |   0   |  0   |   0    |   0   |   1    |   0    |   1    |
|      tbl_fcfs_ct_1074053136_hash_163_calc     |   3    |    12    |  13  |    0     |  0   |   0   |  0   |   6    |   1   |   0    |   1    |   0    |
|    Ingress.fcfs_ct_1074053136_reg_liveness    |   4    |    4     |  0   |    0     |  17  |   0   |  17  |   0    |   0   |   0    |   0    |   0    |
|                    tbl_act                    |   4    |    4     |  23  |    0     |  0   |   0   |  0   |   3    |   1   |   0    |   1    |   0    |
|                tbl_act-gateway                |   4    |    0     |  0   |    1     |  0   |   0   |  0   |   0    |   0   |   1    |   0    |   0    |
|     tbl_natf40000c10000zipf0_8hmaxtput697     |   4    |    4     |  23  |    0     |  0   |   0   |  0   |   3    |   1   |   0    |   1    |   0    |
| tbl_natf40000c10000zipf0_8hmaxtput697-gateway |   4    |    0     |  0   |    1     |  0   |   0   |  0   |   0    |   0   |   1    |   0    |   0    |
|      Ingress.fcfs_ct_1074053136_reg_key_0     |   5    |    4     |  0   |    0     |  3   |   0   |  3   |   0    |   0   |   0    |   0    |   0    |
|                    cond-23                    |   5    |    1     |  0   |    1     |  0   |   0   |  0   |   0    |   0   |   1    |   0    |   0    |
|                    cond-29                    |   5    |    1     |  0   |    1     |  0   |   0   |  0   |   0    |   0   |   1    |   0    |   1    |
|        tbl_fcfs_ct_1074053136_check_key       |   5    |    2     |  13  |    0     |  0   |   0   |  0   |   1    |   1   |   0    |   1    |   0    |
|     tbl_natf40000c10000zipf0_8hmaxtput625     |   5    |    0     |  0   |    0     |  0   |   0   |  0   |   0    |   1   |   0    |   0    |   1    |
|     tbl_natf40000c10000zipf0_8hmaxtput707     |   5    |    0     |  0   |    0     |  0   |   0   |  0   |   1    |   1   |   0    |   1    |   0    |
| tbl_natf40000c10000zipf0_8hmaxtput707-gateway |   5    |    0     |  0   |    1     |  0   |   0   |  0   |   0    |   0   |   1    |   0    |   0    |
|      Ingress.fcfs_ct_1074053136_reg_key_1     |   6    |    4     |  0   |    0     |  3   |   0   |  3   |   0    |   0   |   0    |   0    |   0    |
|                    cond-24                    |   6    |    4     |  0   |    1     |  0   |   0   |  0   |   0    |   0   |   1    |   0    |   0    |
|       tbl_fcfs_ct_1074053136_check_key_0      |   6    |    2     |  13  |    0     |  0   |   0   |  0   |   1    |   1   |   0    |   1    |   0    |
|   tbl_fcfs_ct_1074053136_check_key_0-gateway  |   6    |    0     |  0   |    1     |  0   |   0   |  0   |   0    |   0   |   1    |   0    |   0    |
|     tbl_natf40000c10000zipf0_8hmaxtput682     |   6    |    0     |  0   |    0     |  0   |   0   |  0   |   0    |   1   |   0    |   0    |   1    |
|     tbl_natf40000c10000zipf0_8hmaxtput708     |   6    |    0     |  0   |    0     |  0   |   0   |  0   |   1    |   1   |   0    |   1    |   0    |
| tbl_natf40000c10000zipf0_8hmaxtput708-gateway |   6    |    0     |  0   |    1     |  0   |   0   |  0   |   0    |   0   |   1    |   0    |   0    |
|      Ingress.fcfs_ct_1074053136_reg_key_2     |   7    |    2     |  0   |    0     |  2   |   0   |  2   |   0    |   0   |   0    |   0    |   0    |
|       tbl_fcfs_ct_1074053136_check_key_1      |   7    |    2     |  13  |    0     |  0   |   0   |  0   |   1    |   1   |   0    |   1    |   0    |
|   tbl_fcfs_ct_1074053136_check_key_1-gateway  |   7    |    0     |  0   |    1     |  0   |   0   |  0   |   0    |   0   |   1    |   0    |   0    |
|     tbl_natf40000c10000zipf0_8hmaxtput709     |   7    |    0     |  0   |    0     |  0   |   0   |  0   |   1    |   1   |   0    |   1    |   0    |
| tbl_natf40000c10000zipf0_8hmaxtput709-gateway |   7    |    0     |  0   |    1     |  0   |   0   |  0   |   0    |   0   |   1    |   0    |   0    |
|      Ingress.fcfs_ct_1074053136_reg_key_3     |   8    |    2     |  0   |    0     |  2   |   0   |  2   |   0    |   0   |   0    |   0    |   0    |
|       tbl_fcfs_ct_1074053136_check_key_2      |   8    |    2     |  13  |    0     |  0   |   0   |  0   |   1    |   1   |   0    |   1    |   0    |
|   tbl_fcfs_ct_1074053136_check_key_2-gateway  |   8    |    0     |  0   |    1     |  0   |   0   |  0   |   0    |   0   |   1    |   0    |   0    |
|     tbl_natf40000c10000zipf0_8hmaxtput710     |   8    |    0     |  0   |    0     |  0   |   0   |  0   |   1    |   1   |   0    |   1    |   0    |
| tbl_natf40000c10000zipf0_8hmaxtput710-gateway |   8    |    0     |  0   |    1     |  0   |   0   |  0   |   0    |   0   |   1    |   0    |   0    |
|                    cond-30                    |   9    |    1     |  0   |    1     |  0   |   0   |  0   |   0    |   0   |   1    |   0    |   0    |
|     tbl_natf40000c10000zipf0_8hmaxtput704     |   9    |    0     |  0   |    0     |  0   |   0   |  0   |   0    |   1   |   0    |   0    |   1    |
|      Ingress.vector_register_1074066960_1     |   10   |    4     |  0   |    0     |  17  |   0   |  17  |   0    |   0   |   0    |   0    |   0    |
|      Ingress.vector_register_1074066960_2     |   10   |    2     |  0   |    0     |  9   |   0   |  9   |   0    |   0   |   0    |   0    |   0    |
|                    cond-31                    |   10   |    1     |  0   |    1     |  0   |   0   |  0   |   0    |   0   |   1    |   0    |   0    |
|                    cond-32                    |   10   |    4     |  0   |    1     |  0   |   0   |  0   |   0    |   0   |   1    |   0    |   1    |
|               tbl_build_cpu_hdr               |   10   |    0     |  0   |    0     |  0   |   0   |  0   |   6    |   1   |   0    |   0    |   1    |
|            tbl_build_cpu_hdr$action           |   10   |    0     |  0   |    0     |  1   |   0   |  0   |   0    |   0   |   0    |   0    |   0    |
|     tbl_natf40000c10000zipf0_8hmaxtput635     |   10   |    4     |  23  |    0     |  0   |   0   |  0   |   4    |   1   |   0    |   1    |   0    |
| tbl_natf40000c10000zipf0_8hmaxtput635-gateway |   10   |    0     |  0   |    1     |  0   |   0   |  0   |   0    |   0   |   1    |   0    |   0    |
|     tbl_natf40000c10000zipf0_8hmaxtput636     |   10   |    4     |  23  |    0     |  0   |   0   |  0   |   4    |   1   |   0    |   1    |   0    |
| tbl_natf40000c10000zipf0_8hmaxtput636-gateway |   10   |    0     |  0   |    1     |  0   |   0   |  0   |   0    |   0   |   1    |   0    |   0    |
|     tbl_natf40000c10000zipf0_8hmaxtput731     |   10   |    0     |  0   |    0     |  0   |   0   |  0   |   0    |   1   |   0    |   0    |   1    |
|     tbl_natf40000c10000zipf0_8hmaxtput755     |   10   |    4     |  23  |    0     |  0   |   0   |  0   |   4    |   1   |   0    |   1    |   0    |
| tbl_natf40000c10000zipf0_8hmaxtput755-gateway |   10   |    0     |  0   |    1     |  0   |   0   |  0   |   0    |   0   |   1    |   0    |   0    |
|     tbl_natf40000c10000zipf0_8hmaxtput756     |   10   |    4     |  23  |    0     |  0   |   0   |  0   |   4    |   1   |   0    |   1    |   0    |
|     tbl_natf40000c10000zipf0_8hmaxtput768     |   10   |    0     |  0   |    0     |  0   |   0   |  0   |   0    |   1   |   0    |   0    |   1    |
|     tbl_natf40000c10000zipf0_8hmaxtput786     |   10   |    0     |  0   |    0     |  0   |   0   |  0   |   0    |   1   |   0    |   0    |   1    |
|      Ingress.vector_register_1074066960_0     |   11   |    4     |  0   |    0     |  17  |   0   |  17  |   0    |   0   |   0    |   0    |   0    |
|      Ingress.vector_register_1074066960_3     |   11   |    2     |  0   |    0     |  9   |   0   |  9   |   0    |   0   |   0    |   0    |   0    |
|                    cond-25                    |   11   |    8     |  0   |    1     |  0   |   0   |  0   |   0    |   0   |   1    |   0    |   0    |
|     tbl_natf40000c10000zipf0_8hmaxtput634     |   11   |    4     |  23  |    0     |  0   |   0   |  0   |   4    |   1   |   0    |   1    |   0    |
| tbl_natf40000c10000zipf0_8hmaxtput634-gateway |   11   |    0     |  0   |    1     |  0   |   0   |  0   |   0    |   0   |   1    |   0    |   0    |
|     tbl_natf40000c10000zipf0_8hmaxtput637     |   11   |    4     |  23  |    0     |  0   |   0   |  0   |   4    |   1   |   0    |   1    |   0    |
| tbl_natf40000c10000zipf0_8hmaxtput637-gateway |   11   |    0     |  0   |    1     |  0   |   0   |  0   |   0    |   0   |   1    |   0    |   0    |
|     tbl_natf40000c10000zipf0_8hmaxtput732     |   11   |    0     |  0   |    0     |  0   |   0   |  0   |   0    |   1   |   0    |   0    |   1    |
|     tbl_natf40000c10000zipf0_8hmaxtput754     |   11   |    4     |  23  |    0     |  0   |   0   |  0   |   4    |   1   |   0    |   1    |   0    |
| tbl_natf40000c10000zipf0_8hmaxtput754-gateway |   11   |    0     |  0   |    1     |  0   |   0   |  0   |   0    |   0   |   1    |   0    |   0    |
|     tbl_natf40000c10000zipf0_8hmaxtput757     |   11   |    4     |  23  |    0     |  0   |   0   |  0   |   4    |   1   |   0    |   1    |   0    |
| tbl_natf40000c10000zipf0_8hmaxtput757-gateway |   11   |    0     |  0   |    1     |  0   |   0   |  0   |   0    |   0   |   1    |   0    |   0    |
|     tbl_natf40000c10000zipf0_8hmaxtput769     |   11   |    0     |  0   |    0     |  0   |   0   |  0   |   0    |   1   |   0    |   0    |   1    |
|     tbl_natf40000c10000zipf0_8hmaxtput784     |   11   |    0     |  0   |    0     |  0   |   0   |  0   |   0    |   1   |   0    |   0    |   1    |
|                    cond-26                    |   12   |    4     |  0   |    1     |  0   |   0   |  0   |   0    |   0   |   1    |   0    |   0    |
|     tbl_natf40000c10000zipf0_8hmaxtput647     |   12   |    0     |  0   |    0     |  0   |   0   |  0   |   0    |   1   |   0    |   0    |   1    |
|     tbl_natf40000c10000zipf0_8hmaxtput736     |   12   |    0     |  0   |    0     |  0   |   0   |  0   |   0    |   1   |   0    |   0    |   1    |
|     tbl_natf40000c10000zipf0_8hmaxtput773     |   12   |    0     |  0   |    0     |  0   |   0   |  0   |   0    |   1   |   0    |   0    |   1    |
|      Ingress.vector_table_1074102760_149      |   13   |    4     |  40  |    0     |  4   |   0   |  0   |   2    |   2   |   1    |   1    |   0    |
|                    cond-27                    |   13   |    1     |  0   |    1     |  0   |   0   |  0   |   0    |   0   |   1    |   0    |   0    |
|     tbl_natf40000c10000zipf0_8hmaxtput675     |   13   |    0     |  0   |    0     |  0   |   0   |  0   |   0    |   1   |   0    |   0    |   1    |
|     tbl_natf40000c10000zipf0_8hmaxtput737     |   13   |    0     |  0   |    0     |  0   |   0   |  0   |   0    |   1   |   0    |   0    |   1    |
|     tbl_natf40000c10000zipf0_8hmaxtput774     |   13   |    0     |  0   |    0     |  0   |   0   |  0   |   0    |   1   |   0    |   0    |   1    |
|      Ingress.vector_table_1074102760_175      |   14   |    4     |  40  |    0     |  4   |   0   |  0   |   2    |   2   |   1    |   1    |   0    |
|      Ingress.vector_table_1074102760_183      |   14   |    4     |  40  |    0     |  4   |   0   |  0   |   2    |   2   |   1    |   1    |   0    |
|     tbl_natf40000c10000zipf0_8hmaxtput663     |   14   |    0     |  0   |    0     |  0   |   0   |  0   |   0    |   1   |   0    |   0    |   1    |
|     tbl_natf40000c10000zipf0_8hmaxtput738     |   15   |    0     |  0   |    0     |  0   |   0   |  0   |   0    |   1   |   0    |   0    |   1    |
|     tbl_natf40000c10000zipf0_8hmaxtput775     |   15   |    0     |  0   |    0     |  0   |   0   |  0   |   0    |   1   |   0    |   0    |   1    |
|             Ingress.forwarding_tbl            |   16   |    7     |  0   |    0     |  1   |   2   |  0   |   6    |   4   |   0    |   0    |   1    |
|         Ingress.forwarding_tbl$action         |   16   |    0     |  0   |    0     |  1   |   0   |  0   |   0    |   0   |   0    |   0    |   0    |
----------------------------------------------------------------------------------------------------------------------------------------------------------

