+---------------------------------------------------------------------+
|  Log file: mau.resources.log                                        |
|  Compiler version: 9.13.4                                           |
|  Created on: Thu Sep 10 06:52:59 2026                               |
|  Run ID: 35d734267c3d4957                                           |
+---------------------------------------------------------------------+


---------------------------------------------------------------------------------------------------------------------------------------------------------------------------------------------------------------------------------------------------------------------------------------------------------------------------------------------------------------
| Stage Number | Exact Match Input xbar | Ternary Match Input xbar | Hash Bit | Hash Dist Unit | Gateway | SRAM | Map RAM | TCAM | VLIW Instr | Meter ALU | Stats ALU | Stash | Exact Match Search Bus | Exact Match Result Bus | Tind Result Bus | Action Data Bus Bytes | 8-bit Action Slots | 16-bit Action Slots | 32-bit Action Slots | Logical TableID |
---------------------------------------------------------------------------------------------------------------------------------------------------------------------------------------------------------------------------------------------------------------------------------------------------------------------------------------------------------------
|      0       |           6            |            0             |    40    |       0        |    8    |  4   |    0    |  0   |     6      |     0     |     0     |   0   |           8            |           1            |        7        |           8           |         0          |          0          |          0          |        11       |
|      1       |           5            |            0             |    40    |       0        |    1    |  4   |    0    |  0   |     3      |     0     |     0     |   0   |           1            |           1            |        3        |           4           |         0          |          0          |          0          |        4        |
|      2       |           28           |            0             |    69    |       0        |    1    |  72  |    36   |  0   |     2      |     0     |     0     |   0   |           2            |           1            |        3        |           4           |         0          |          0          |          0          |        3        |
|      3       |           0            |            0             |    0     |       0        |    0    |  0   |    0    |  0   |     1      |     0     |     0     |   0   |           0            |           0            |        1        |           0           |         0          |          0          |          0          |        1        |
|      4       |           14           |            0             |    15    |       1        |    1    |  0   |    0    |  0   |     1      |     0     |     0     |   0   |           1            |           1            |        1        |           2           |         0          |          0          |          0          |        1        |
|      5       |           12           |            0             |    46    |       2        |    2    |  17  |    17   |  0   |     2      |     1     |     0     |   0   |           1            |           2            |        0        |           3           |         0          |          0          |          0          |        2        |
|      6       |           8            |            0             |    15    |       1        |    3    |  9   |    9    |  0   |     2      |     1     |     0     |   0   |           3            |           2            |        2        |           1           |         0          |          0          |          0          |        3        |
|      7       |           10           |            0             |    15    |       1        |    3    |  9   |    9    |  0   |     2      |     1     |     0     |   0   |           2            |           2            |        2        |           1           |         0          |          0          |          0          |        4        |
|      8       |           5            |            0             |    31    |       1        |    2    |  5   |    5    |  0   |     1      |     1     |     0     |   0   |           1            |           2            |        0        |           1           |         0          |          0          |          0          |        2        |
|      9       |           4            |            0             |    15    |       1        |    2    |  5   |    5    |  0   |     2      |     1     |     0     |   0   |           1            |           2            |        0        |           1           |         0          |          0          |          0          |        2        |
|      10      |           1            |            0             |    0     |       0        |    1    |  0   |    0    |  0   |     1      |     0     |     0     |   0   |           1            |           0            |        1        |           0           |         0          |          0          |          0          |        1        |
|      11      |           13           |            0             |    80    |       0        |    2    |  8   |    0    |  0   |     4      |     0     |     0     |   0   |           3            |           2            |        5        |           8           |         0          |          0          |          0          |        7        |
|      12      |           24           |            0             |    92    |       4        |    6    |  35  |    35   |  0   |     4      |     3     |     0     |   0   |           3            |           6            |        4        |           12          |         0          |          0          |          0          |        10       |
|      13      |           23           |            0             |    46    |       2        |    4    |  17  |    17   |  0   |     4      |     1     |     0     |   0   |           3            |           2            |        5        |           8           |         0          |          0          |          0          |        8        |
|      14      |           5            |            0             |    40    |       0        |    1    |  4   |    0    |  0   |     5      |     0     |     0     |   0   |           1            |           1            |        7        |           4           |         0          |          0          |          0          |        8        |
|      15      |           0            |            0             |    0     |       0        |    0    |  0   |    0    |  0   |     2      |     0     |     0     |   0   |           0            |           0            |        3        |           0           |         0          |          0          |          0          |        3        |
|      16      |           0            |            0             |    0     |       0        |    0    |  0   |    0    |  0   |     1      |     0     |     0     |   0   |           0            |           0            |        1        |           0           |         0          |          0          |          0          |        1        |
|      17      |           0            |            0             |    0     |       0        |    0    |  0   |    0    |  0   |     1      |     0     |     0     |   0   |           0            |           0            |        1        |           0           |         0          |          0          |          0          |        1        |
|      18      |           0            |            7             |    0     |       0        |    0    |  2   |    0    |  2   |     4      |     0     |     0     |   0   |           0            |           0            |        1        |           6           |         0          |          0          |          0          |        1        |
|      19      |           0            |            0             |    0     |       0        |    0    |  0   |    0    |  0   |     0      |     0     |     0     |   0   |           0            |           0            |        0        |           0           |         0          |          0          |          0          |        0        |
|              |                        |                          |          |                |         |      |         |      |            |           |           |       |                        |                        |                 |                       |                    |                     |                     |                 |
|    Totals    |          158           |            7             |   544    |       13       |    37   | 191  |   133   |  2   |     48     |     9     |     0     |   0   |           31           |           25           |        47       |           63          |         0          |          0          |          0          |        73       |
---------------------------------------------------------------------------------------------------------------------------------------------------------------------------------------------------------------------------------------------------------------------------------------------------------------------------------------------------------------


------------------------------------------------------------------------------------------------------------------------------------------------------------------------------------------------------------------------------------------------------------------------------------------------------------------------------------------------------------------
| Stage Number | Exact Match Input xbar | Ternary Match Input xbar | Hash Bit | Hash Dist Unit | Gateway |  SRAM  | Map RAM |  TCAM | VLIW Instr | Meter ALU | Stats ALU | Stash | Exact Match Search Bus | Exact Match Result Bus | Tind Result Bus | Action Data Bus Bytes | 8-bit Action Slots | 16-bit Action Slots | 32-bit Action Slots | Logical TableID |
------------------------------------------------------------------------------------------------------------------------------------------------------------------------------------------------------------------------------------------------------------------------------------------------------------------------------------------------------------------
|      0       |         4.69%          |          0.00%           |  9.62%   |     0.00%      |  50.00% | 5.00%  |  0.00%  | 0.00% |   18.75%   |   0.00%   |   0.00%   | 0.00% |         50.00%         |         6.25%          |      43.75%     |         6.25%         |       0.00%        |        0.00%        |        0.00%        |      68.75%     |
|      1       |         3.91%          |          0.00%           |  9.62%   |     0.00%      |  6.25%  | 5.00%  |  0.00%  | 0.00% |   9.38%    |   0.00%   |   0.00%   | 0.00% |         6.25%          |         6.25%          |      18.75%     |         3.12%         |       0.00%        |        0.00%        |        0.00%        |      25.00%     |
|      2       |         21.88%         |          0.00%           |  16.59%  |     0.00%      |  6.25%  | 90.00% |  75.00% | 0.00% |   6.25%    |   0.00%   |   0.00%   | 0.00% |         12.50%         |         6.25%          |      18.75%     |         3.12%         |       0.00%        |        0.00%        |        0.00%        |      18.75%     |
|      3       |         0.00%          |          0.00%           |  0.00%   |     0.00%      |  0.00%  | 0.00%  |  0.00%  | 0.00% |   3.12%    |   0.00%   |   0.00%   | 0.00% |         0.00%          |         0.00%          |      6.25%      |         0.00%         |       0.00%        |        0.00%        |        0.00%        |      6.25%      |
|      4       |         10.94%         |          0.00%           |  3.61%   |     16.67%     |  6.25%  | 0.00%  |  0.00%  | 0.00% |   3.12%    |   0.00%   |   0.00%   | 0.00% |         6.25%          |         6.25%          |      6.25%      |         1.56%         |       0.00%        |        0.00%        |        0.00%        |      6.25%      |
|      5       |         9.38%          |          0.00%           |  11.06%  |     33.33%     |  12.50% | 21.25% |  35.42% | 0.00% |   6.25%    |   25.00%  |   0.00%   | 0.00% |         6.25%          |         12.50%         |      0.00%      |         2.34%         |       0.00%        |        0.00%        |        0.00%        |      12.50%     |
|      6       |         6.25%          |          0.00%           |  3.61%   |     16.67%     |  18.75% | 11.25% |  18.75% | 0.00% |   6.25%    |   25.00%  |   0.00%   | 0.00% |         18.75%         |         12.50%         |      12.50%     |         0.78%         |       0.00%        |        0.00%        |        0.00%        |      18.75%     |
|      7       |         7.81%          |          0.00%           |  3.61%   |     16.67%     |  18.75% | 11.25% |  18.75% | 0.00% |   6.25%    |   25.00%  |   0.00%   | 0.00% |         12.50%         |         12.50%         |      12.50%     |         0.78%         |       0.00%        |        0.00%        |        0.00%        |      25.00%     |
|      8       |         3.91%          |          0.00%           |  7.45%   |     16.67%     |  12.50% | 6.25%  |  10.42% | 0.00% |   3.12%    |   25.00%  |   0.00%   | 0.00% |         6.25%          |         12.50%         |      0.00%      |         0.78%         |       0.00%        |        0.00%        |        0.00%        |      12.50%     |
|      9       |         3.12%          |          0.00%           |  3.61%   |     16.67%     |  12.50% | 6.25%  |  10.42% | 0.00% |   6.25%    |   25.00%  |   0.00%   | 0.00% |         6.25%          |         12.50%         |      0.00%      |         0.78%         |       0.00%        |        0.00%        |        0.00%        |      12.50%     |
|      10      |         0.78%          |          0.00%           |  0.00%   |     0.00%      |  6.25%  | 0.00%  |  0.00%  | 0.00% |   3.12%    |   0.00%   |   0.00%   | 0.00% |         6.25%          |         0.00%          |      6.25%      |         0.00%         |       0.00%        |        0.00%        |        0.00%        |      6.25%      |
|      11      |         10.16%         |          0.00%           |  19.23%  |     0.00%      |  12.50% | 10.00% |  0.00%  | 0.00% |   12.50%   |   0.00%   |   0.00%   | 0.00% |         18.75%         |         12.50%         |      31.25%     |         6.25%         |       0.00%        |        0.00%        |        0.00%        |      43.75%     |
|      12      |         18.75%         |          0.00%           |  22.12%  |     66.67%     |  37.50% | 43.75% |  72.92% | 0.00% |   12.50%   |   75.00%  |   0.00%   | 0.00% |         18.75%         |         37.50%         |      25.00%     |         9.38%         |       0.00%        |        0.00%        |        0.00%        |      62.50%     |
|      13      |         17.97%         |          0.00%           |  11.06%  |     33.33%     |  25.00% | 21.25% |  35.42% | 0.00% |   12.50%   |   25.00%  |   0.00%   | 0.00% |         18.75%         |         12.50%         |      31.25%     |         6.25%         |       0.00%        |        0.00%        |        0.00%        |      50.00%     |
|      14      |         3.91%          |          0.00%           |  9.62%   |     0.00%      |  6.25%  | 5.00%  |  0.00%  | 0.00% |   15.62%   |   0.00%   |   0.00%   | 0.00% |         6.25%          |         6.25%          |      43.75%     |         3.12%         |       0.00%        |        0.00%        |        0.00%        |      50.00%     |
|      15      |         0.00%          |          0.00%           |  0.00%   |     0.00%      |  0.00%  | 0.00%  |  0.00%  | 0.00% |   6.25%    |   0.00%   |   0.00%   | 0.00% |         0.00%          |         0.00%          |      18.75%     |         0.00%         |       0.00%        |        0.00%        |        0.00%        |      18.75%     |
|      16      |         0.00%          |          0.00%           |  0.00%   |     0.00%      |  0.00%  | 0.00%  |  0.00%  | 0.00% |   3.12%    |   0.00%   |   0.00%   | 0.00% |         0.00%          |         0.00%          |      6.25%      |         0.00%         |       0.00%        |        0.00%        |        0.00%        |      6.25%      |
|      17      |         0.00%          |          0.00%           |  0.00%   |     0.00%      |  0.00%  | 0.00%  |  0.00%  | 0.00% |   3.12%    |   0.00%   |   0.00%   | 0.00% |         0.00%          |         0.00%          |      6.25%      |         0.00%         |       0.00%        |        0.00%        |        0.00%        |      6.25%      |
|      18      |         0.00%          |          10.61%          |  0.00%   |     0.00%      |  0.00%  | 2.50%  |  0.00%  | 8.33% |   12.50%   |   0.00%   |   0.00%   | 0.00% |         0.00%          |         0.00%          |      6.25%      |         4.69%         |       0.00%        |        0.00%        |        0.00%        |      6.25%      |
|      19      |         0.00%          |          0.00%           |  0.00%   |     0.00%      |  0.00%  | 0.00%  |  0.00%  | 0.00% |   0.00%    |   0.00%   |   0.00%   | 0.00% |         0.00%          |         0.00%          |      0.00%      |         0.00%         |       0.00%        |        0.00%        |        0.00%        |      0.00%      |
|              |                        |                          |          |                |         |        |         |       |            |           |           |       |                        |                        |                 |                       |                    |                     |                     |                 |
|   Average    |         6.50%          |          0.56%           |  6.88%   |     11.40%     |  12.17% | 12.57% |  14.58% | 0.44% |   7.89%    |   11.84%  |   0.00%   | 0.00% |         10.20%         |         8.22%          |      15.46%     |         2.59%         |       0.00%        |        0.00%        |        0.00%        |      24.01%     |
------------------------------------------------------------------------------------------------------------------------------------------------------------------------------------------------------------------------------------------------------------------------------------------------------------------------------------------------------------------


Allocated Resource Usage
-------------------------------------------------------------------------------------------------------------------------------------------------------------------
|                         Table                          | Stage  | Crossbar | Hash | Gateways | RAMs | TCAMs | Map  | Action |  VLIW |  Exm   |  Exm   |  Tind  |
|                          Name                          | Number |  Bytes   | Bits |          |      |       | RAMs |  Data  | Slots | Search | Result | Result |
|                                                        |        |          |      |          |      |       |      |  Bus   |       |  Bus   |  Bus   |  Bus   |
|                                                        |        |          |      |          |      |       |      | Bytes  |       |        |        |        |
-------------------------------------------------------------------------------------------------------------------------------------------------------------------
|              IngressParser.$PORT_METADATA              |   -1   |    0     |  0   |    0     |  0   |   0   |  0   |   0    |   0   |   0    |   0    |   0    |
|             Ingress.ingress_port_to_nf_dev             |   0    |    2     |  40  |    0     |  4   |   0   |  0   |   4    |   3   |   1    |   1    |   0    |
|                        cond-21                         |   0    |    2     |  0   |    1     |  0   |   0   |  0   |   0    |   0   |   1    |   0    |   0    |
|                        cond-22                         |   0    |    1     |  0   |    1     |  0   |   0   |  0   |   0    |   0   |   1    |   0    |   0    |
|                        cond-23                         |   0    |    2     |  0   |    1     |  0   |   0   |  0   |   0    |   0   |   1    |   0    |   0    |
|                        cond-24                         |   0    |    1     |  0   |    1     |  0   |   0   |  0   |   0    |   0   |   1    |   0    |   0    |
|                        cond-25                         |   0    |    2     |  0   |    1     |  0   |   0   |  0   |   0    |   0   |   1    |   0    |   0    |
|                        cond-26                         |   0    |    1     |  0   |    1     |  0   |   0   |  0   |   0    |   0   |   1    |   0    |   0    |
|                        cond-39                         |   0    |    2     |  0   |    1     |  0   |   0   |  0   |   0    |   0   |   1    |   0    |   0    |
|                        cond-40                         |   0    |    2     |  0   |    1     |  0   |   0   |  0   |   0    |   0   |   1    |   0    |   0    |
|                   tbl_build_cpu_hdr                    |   0    |    0     |  0   |    0     |  0   |   0   |  0   |   4    |   1   |   0    |   0    |   1    |
|        tbl_natf40000c1000000zipf0_6hmaxtput664         |   0    |    0     |  0   |    0     |  0   |   0   |  0   |   0    |   1   |   0    |   0    |   1    |
|        tbl_natf40000c1000000zipf0_6hmaxtput672         |   0    |    0     |  0   |    0     |  0   |   0   |  0   |   0    |   1   |   0    |   0    |   1    |
|        tbl_natf40000c1000000zipf0_6hmaxtput887         |   0    |    0     |  0   |    0     |  0   |   0   |  0   |   0    |   1   |   0    |   0    |   1    |
|        tbl_natf40000c1000000zipf0_6hmaxtput891         |   0    |    0     |  0   |    0     |  0   |   0   |  0   |   0    |   1   |   0    |   0    |   1    |
|        tbl_natf40000c1000000zipf0_6hmaxtput902         |   0    |    0     |  0   |    0     |  0   |   0   |  0   |   0    |   1   |   0    |   0    |   1    |
|        tbl_natf40000c1000000zipf0_6hmaxtput908         |   0    |    0     |  0   |    0     |  0   |   0   |  0   |   0    |   1   |   0    |   0    |   1    |
|          Ingress.vector_table_1074085544_139           |   1    |    4     |  40  |    0     |  4   |   0   |  0   |   4    |   2   |   1    |   1    |   0    |
|                        cond-27                         |   1    |    1     |  0   |    1     |  0   |   0   |  0   |   0    |   0   |   1    |   0    |   0    |
|                  tbl_build_recirc_hdr                  |   1    |    0     |  0   |    0     |  0   |   0   |  0   |   0    |   1   |   0    |   0    |   1    |
|                 tbl_build_recirc_hdr_2                 |   1    |    0     |  0   |    0     |  0   |   0   |  0   |   0    |   1   |   0    |   0    |   1    |
|        tbl_natf40000c1000000zipf0_6hmaxtput893         |   1    |    0     |  0   |    0     |  0   |   0   |  0   |   0    |   1   |   0    |   0    |   1    |
|          Ingress.fcfs_ct_1074053136_table_163          |   2    |    24    |  69  |    0     |  72  |   0   |  36  |   4    |   2   |   1    |   1    |   0    |
|                        cond-28                         |   2    |    4     |  0   |    1     |  0   |   0   |  0   |   0    |   0   |   1    |   0    |   1    |
|                       tbl_act_0                        |   2    |    0     |  0   |    0     |  0   |   0   |  0   |   0    |   1   |   0    |   0    |   1    |
|       tbl_natf40000c1000000zipf0_6hmaxtput703_0        |   2    |    0     |  0   |    0     |  0   |   0   |  0   |   0    |   1   |   0    |   0    |   1    |
|        tbl_natf40000c1000000zipf0_6hmaxtput776         |   3    |    0     |  0   |    0     |  0   |   0   |  0   |   0    |   1   |   0    |   0    |   1    |
|                        cond-34                         |   4    |    1     |  0   |    1     |  0   |   0   |  0   |   0    |   0   |   1    |   0    |   1    |
|          tbl_fcfs_ct_1074053136_hash_163_calc          |   4    |    13    |  15  |    0     |  0   |   0   |  0   |   2    |   1   |   0    |   1    |   0    |
|        Ingress.fcfs_ct_1074053136_reg_liveness         |   5    |    4     |  0   |    0     |  17  |   0   |  17  |   0    |   0   |   0    |   0    |   0    |
|                        tbl_act                         |   5    |    4     |  23  |    0     |  0   |   0   |  0   |   3    |   1   |   0    |   1    |   0    |
|                    tbl_act-gateway                     |   5    |    0     |  0   |    1     |  0   |   0   |  0   |   0    |   0   |   1    |   0    |   0    |
|        tbl_natf40000c1000000zipf0_6hmaxtput784         |   5    |    4     |  23  |    0     |  0   |   0   |  0   |   3    |   1   |   0    |   1    |   0    |
|    tbl_natf40000c1000000zipf0_6hmaxtput784-gateway     |   5    |    0     |  0   |    1     |  0   |   0   |  0   |   0    |   0   |   1    |   0    |   0    |
|          Ingress.fcfs_ct_1074053136_reg_key_0          |   6    |    4     |  0   |    0     |  9   |   0   |  9   |   0    |   0   |   0    |   0    |   0    |
|                        cond-29                         |   6    |    1     |  0   |    1     |  0   |   0   |  0   |   0    |   0   |   1    |   0    |   0    |
|                        cond-35                         |   6    |    1     |  0   |    1     |  0   |   0   |  0   |   0    |   0   |   1    |   0    |   1    |
|            tbl_fcfs_ct_1074053136_check_key            |   6    |    2     |  15  |    0     |  0   |   0   |  0   |   1    |   1   |   0    |   1    |   0    |
|        tbl_natf40000c1000000zipf0_6hmaxtput706         |   6    |    0     |  0   |    0     |  0   |   0   |  0   |   0    |   1   |   0    |   0    |   1    |
|        tbl_natf40000c1000000zipf0_6hmaxtput794         |   6    |    0     |  0   |    0     |  0   |   0   |  0   |   1    |   1   |   0    |   1    |   0    |
|    tbl_natf40000c1000000zipf0_6hmaxtput794-gateway     |   6    |    0     |  0   |    1     |  0   |   0   |  0   |   0    |   0   |   1    |   0    |   0    |
|          Ingress.fcfs_ct_1074053136_reg_key_1          |   7    |    4     |  0   |    0     |  9   |   0   |  9   |   0    |   0   |   0    |   0    |   0    |
|                        cond-30                         |   7    |    4     |  0   |    1     |  0   |   0   |  0   |   0    |   0   |   1    |   0    |   0    |
|           tbl_fcfs_ct_1074053136_check_key_0           |   7    |    2     |  15  |    0     |  0   |   0   |  0   |   1    |   1   |   0    |   1    |   0    |
|       tbl_fcfs_ct_1074053136_check_key_0-gateway       |   7    |    0     |  0   |    1     |  0   |   0   |  0   |   0    |   0   |   1    |   0    |   0    |
|        tbl_natf40000c1000000zipf0_6hmaxtput715         |   7    |    0     |  0   |    0     |  0   |   0   |  0   |   0    |   1   |   0    |   0    |   1    |
|        tbl_natf40000c1000000zipf0_6hmaxtput769         |   7    |    0     |  0   |    0     |  0   |   0   |  0   |   0    |   1   |   0    |   0    |   1    |
|        tbl_natf40000c1000000zipf0_6hmaxtput795         |   7    |    0     |  0   |    0     |  0   |   0   |  0   |   1    |   1   |   0    |   1    |   0    |
|    tbl_natf40000c1000000zipf0_6hmaxtput795-gateway     |   7    |    0     |  0   |    1     |  0   |   0   |  0   |   0    |   0   |   1    |   0    |   0    |
|          Ingress.fcfs_ct_1074053136_reg_key_2          |   8    |    3     |  16  |    0     |  5   |   0   |  5   |   0    |   0   |   0    |   0    |   0    |
|           tbl_fcfs_ct_1074053136_check_key_1           |   8    |    2     |  15  |    0     |  0   |   0   |  0   |   1    |   1   |   0    |   1    |   0    |
|       tbl_fcfs_ct_1074053136_check_key_1-gateway       |   8    |    0     |  0   |    1     |  0   |   0   |  0   |   0    |   0   |   1    |   0    |   0    |
|        tbl_natf40000c1000000zipf0_6hmaxtput796         |   8    |    0     |  0   |    0     |  0   |   0   |  0   |   1    |   1   |   0    |   1    |   0    |
|    tbl_natf40000c1000000zipf0_6hmaxtput796-gateway     |   8    |    0     |  0   |    1     |  0   |   0   |  0   |   0    |   0   |   1    |   0    |   0    |
|          Ingress.fcfs_ct_1074053136_reg_key_3          |   9    |    2     |  0   |    0     |  5   |   0   |  5   |   0    |   0   |   0    |   0    |   0    |
|           tbl_fcfs_ct_1074053136_check_key_2           |   9    |    2     |  15  |    0     |  0   |   0   |  0   |   1    |   1   |   0    |   1    |   0    |
|       tbl_fcfs_ct_1074053136_check_key_2-gateway       |   9    |    0     |  0   |    1     |  0   |   0   |  0   |   0    |   0   |   1    |   0    |   0    |
|        tbl_natf40000c1000000zipf0_6hmaxtput797         |   9    |    0     |  0   |    0     |  0   |   0   |  0   |   1    |   1   |   0    |   1    |   0    |
|    tbl_natf40000c1000000zipf0_6hmaxtput797-gateway     |   9    |    0     |  0   |    1     |  0   |   0   |  0   |   0    |   0   |   1    |   0    |   0    |
|                        cond-36                         |   10   |    1     |  0   |    1     |  0   |   0   |  0   |   0    |   0   |   1    |   0    |   0    |
|        tbl_natf40000c1000000zipf0_6hmaxtput791         |   10   |    0     |  0   |    0     |  0   |   0   |  0   |   0    |   1   |   0    |   0    |   1    |
|          Ingress.vector_table_1074102760_175           |   11   |    4     |  40  |    0     |  4   |   0   |  0   |   4    |   2   |   1    |   1    |   0    |
|          Ingress.vector_table_1074102760_183           |   11   |    4     |  40  |    0     |  4   |   0   |  0   |   4    |   2   |   1    |   1    |   0    |
|                        cond-37                         |   11   |    1     |  0   |    1     |  0   |   0   |  0   |   0    |   0   |   1    |   0    |   0    |
|                        cond-38                         |   11   |    4     |  0   |    1     |  0   |   0   |  0   |   0    |   0   |   1    |   0    |   0    |
|                 tbl_build_recirc_hdr_1                 |   11   |    0     |  0   |    0     |  0   |   0   |  0   |   0    |   1   |   0    |   0    |   1    |
|        tbl_natf40000c1000000zipf0_6hmaxtput819         |   11   |    0     |  0   |    0     |  0   |   0   |  0   |   0    |   1   |   0    |   0    |   1    |
|        tbl_natf40000c1000000zipf0_6hmaxtput845         |   11   |    0     |  0   |    0     |  0   |   0   |  0   |   0    |   1   |   0    |   0    |   1    |
|        tbl_natf40000c1000000zipf0_6hmaxtput868         |   11   |    0     |  0   |    0     |  0   |   0   |  0   |   0    |   1   |   0    |   0    |   1    |
|        tbl_natf40000c1000000zipf0_6hmaxtput870         |   11   |    0     |  0   |    0     |  0   |   0   |  0   |   0    |   1   |   0    |   0    |   1    |
|          Ingress.vector_register_1074066960_1          |   12   |    4     |  0   |    0     |  17  |   0   |  17  |   0    |   0   |   0    |   0    |   0    |
|          Ingress.vector_register_1074066960_2          |   12   |    2     |  0   |    0     |  9   |   0   |  9   |   0    |   0   |   0    |   0    |   0    |
|          Ingress.vector_register_1074066960_3          |   12   |    2     |  0   |    0     |  9   |   0   |  9   |   0    |   0   |   0    |   0    |   0    |
|       tbl_natf40000c1000000zipf0_6hmaxtput819_0        |   12   |    0     |  0   |    0     |  0   |   0   |  0   |   0    |   1   |   0    |   0    |   1    |
|       tbl_natf40000c1000000zipf0_6hmaxtput819_1        |   12   |    0     |  0   |    0     |  0   |   0   |  0   |   0    |   1   |   0    |   0    |   1    |
|        tbl_natf40000c1000000zipf0_6hmaxtput823         |   12   |    0     |  0   |    0     |  0   |   0   |  0   |   4    |   1   |   0    |   0    |   1    |
|        tbl_natf40000c1000000zipf0_6hmaxtput855         |   12   |    0     |  0   |    0     |  0   |   0   |  0   |   0    |   1   |   0    |   0    |   1    |
|     tbl_regexec_vector_register_1074066960_1_read      |   12   |    4     |  23  |    0     |  0   |   0   |  0   |   4    |   1   |   0    |   1    |   0    |
| tbl_regexec_vector_register_1074066960_1_read-gateway  |   12   |    0     |  0   |    1     |  0   |   0   |  0   |   0    |   0   |   1    |   0    |   0    |
|     tbl_regexec_vector_register_1074066960_1_write     |   12   |    5     |  23  |    0     |  0   |   0   |  0   |   4    |   1   |   0    |   1    |   0    |
| tbl_regexec_vector_register_1074066960_1_write-gateway |   12   |    0     |  0   |    1     |  0   |   0   |  0   |   0    |   0   |   1    |   0    |   0    |
|     tbl_regexec_vector_register_1074066960_2_read      |   12   |    0     |  0   |    0     |  0   |   0   |  0   |   2    |   1   |   0    |   1    |   0    |
| tbl_regexec_vector_register_1074066960_2_read-gateway  |   12   |    0     |  0   |    1     |  0   |   0   |  0   |   0    |   0   |   1    |   0    |   0    |
|     tbl_regexec_vector_register_1074066960_2_write     |   12   |    0     |  0   |    0     |  0   |   0   |  0   |   2    |   1   |   0    |   1    |   0    |
| tbl_regexec_vector_register_1074066960_2_write-gateway |   12   |    0     |  0   |    1     |  0   |   0   |  0   |   0    |   0   |   1    |   0    |   0    |
|     tbl_regexec_vector_register_1074066960_3_read      |   12   |    4     |  23  |    0     |  0   |   0   |  0   |   2    |   1   |   0    |   1    |   0    |
| tbl_regexec_vector_register_1074066960_3_read-gateway  |   12   |    0     |  0   |    1     |  0   |   0   |  0   |   0    |   0   |   1    |   0    |   0    |
|     tbl_regexec_vector_register_1074066960_3_write     |   12   |    5     |  23  |    0     |  0   |   0   |  0   |   2    |   1   |   0    |   1    |   0    |
| tbl_regexec_vector_register_1074066960_3_write-gateway |   12   |    0     |  0   |    1     |  0   |   0   |  0   |   0    |   0   |   1    |   0    |   0    |
|          Ingress.vector_register_1074066960_0          |   13   |    4     |  0   |    0     |  17  |   0   |  17  |   0    |   0   |   0    |   0    |   0    |
|                        cond-31                         |   13   |    8     |  0   |    1     |  0   |   0   |  0   |   0    |   0   |   1    |   0    |   0    |
|                        cond-32                         |   13   |    4     |  0   |    1     |  0   |   0   |  0   |   0    |   0   |   1    |   0    |   0    |
|        tbl_natf40000c1000000zipf0_6hmaxtput729         |   13   |    0     |  0   |    0     |  0   |   0   |  0   |   0    |   1   |   0    |   0    |   1    |
|       tbl_natf40000c1000000zipf0_6hmaxtput819_2        |   13   |    0     |  0   |    0     |  0   |   0   |  0   |   0    |   1   |   0    |   0    |   1    |
|       tbl_natf40000c1000000zipf0_6hmaxtput855_0        |   13   |    0     |  0   |    0     |  0   |   0   |  0   |   0    |   1   |   0    |   0    |   1    |
|       tbl_natf40000c1000000zipf0_6hmaxtput855_1        |   13   |    0     |  0   |    0     |  0   |   0   |  0   |   0    |   1   |   0    |   0    |   1    |
|        tbl_natf40000c1000000zipf0_6hmaxtput859         |   13   |    0     |  0   |    0     |  0   |   0   |  0   |   4    |   1   |   0    |   0    |   1    |
|     tbl_regexec_vector_register_1074066960_0_read      |   13   |    4     |  23  |    0     |  0   |   0   |  0   |   4    |   1   |   0    |   1    |   0    |
| tbl_regexec_vector_register_1074066960_0_read-gateway  |   13   |    0     |  0   |    1     |  0   |   0   |  0   |   0    |   0   |   1    |   0    |   0    |
|     tbl_regexec_vector_register_1074066960_0_write     |   13   |    5     |  23  |    0     |  0   |   0   |  0   |   4    |   1   |   0    |   1    |   0    |
| tbl_regexec_vector_register_1074066960_0_write-gateway |   13   |    0     |  0   |    1     |  0   |   0   |  0   |   0    |   0   |   1    |   0    |   0    |
|          Ingress.vector_table_1074102760_149           |   14   |    4     |  40  |    0     |  4   |   0   |  0   |   4    |   2   |   1    |   1    |   0    |
|                        cond-33                         |   14   |    1     |  0   |    1     |  0   |   0   |  0   |   0    |   0   |   1    |   0    |   0    |
|                 tbl_build_recirc_hdr_0                 |   14   |    0     |  0   |    0     |  0   |   0   |  0   |   0    |   1   |   0    |   0    |   1    |
|        tbl_natf40000c1000000zipf0_6hmaxtput746         |   14   |    0     |  0   |    0     |  0   |   0   |  0   |   0    |   1   |   0    |   0    |   1    |
|       tbl_natf40000c1000000zipf0_6hmaxtput746_1        |   14   |    0     |  0   |    0     |  0   |   0   |  0   |   0    |   1   |   0    |   0    |   1    |
|        tbl_natf40000c1000000zipf0_6hmaxtput750         |   14   |    0     |  0   |    0     |  0   |   0   |  0   |   0    |   1   |   0    |   0    |   1    |
|        tbl_natf40000c1000000zipf0_6hmaxtput759         |   14   |    0     |  0   |    0     |  0   |   0   |  0   |   0    |   1   |   0    |   0    |   1    |
|        tbl_natf40000c1000000zipf0_6hmaxtput761         |   14   |    0     |  0   |    0     |  0   |   0   |  0   |   0    |   1   |   0    |   0    |   1    |
|       tbl_natf40000c1000000zipf0_6hmaxtput855_2        |   14   |    0     |  0   |    0     |  0   |   0   |  0   |   0    |   1   |   0    |   0    |   1    |
|       tbl_natf40000c1000000zipf0_6hmaxtput746_0        |   15   |    0     |  0   |    0     |  0   |   0   |  0   |   0    |   1   |   0    |   0    |   1    |
|       tbl_natf40000c1000000zipf0_6hmaxtput746_2        |   15   |    0     |  0   |    0     |  0   |   0   |  0   |   0    |   1   |   0    |   0    |   1    |
|       tbl_natf40000c1000000zipf0_6hmaxtput750_0        |   15   |    0     |  0   |    0     |  0   |   0   |  0   |   0    |   1   |   0    |   0    |   1    |
|       tbl_natf40000c1000000zipf0_6hmaxtput750_1        |   16   |    0     |  0   |    0     |  0   |   0   |  0   |   0    |   1   |   0    |   0    |   1    |
|       tbl_natf40000c1000000zipf0_6hmaxtput750_2        |   17   |    0     |  0   |    0     |  0   |   0   |  0   |   0    |   1   |   0    |   0    |   1    |
|                 Ingress.forwarding_tbl                 |   18   |    7     |  0   |    0     |  1   |   2   |  0   |   6    |   4   |   0    |   0    |   1    |
|             Ingress.forwarding_tbl$action              |   18   |    0     |  0   |    0     |  1   |   0   |  0   |   0    |   0   |   0    |   0    |   0    |
-------------------------------------------------------------------------------------------------------------------------------------------------------------------

