+---------------------------------------------------------------------+
|  Log file: mau.resources.log                                        |
|  Compiler version: 9.13.4                                           |
|  Created on: Thu Sep 10 06:48:21 2026                               |
|  Run ID: 5c6c43bfdfac4d42                                           |
+---------------------------------------------------------------------+


---------------------------------------------------------------------------------------------------------------------------------------------------------------------------------------------------------------------------------------------------------------------------------------------------------------------------------------------------------------
| Stage Number | Exact Match Input xbar | Ternary Match Input xbar | Hash Bit | Hash Dist Unit | Gateway | SRAM | Map RAM | TCAM | VLIW Instr | Meter ALU | Stats ALU | Stash | Exact Match Search Bus | Exact Match Result Bus | Tind Result Bus | Action Data Bus Bytes | 8-bit Action Slots | 16-bit Action Slots | 32-bit Action Slots | Logical TableID |
---------------------------------------------------------------------------------------------------------------------------------------------------------------------------------------------------------------------------------------------------------------------------------------------------------------------------------------------------------------
|      0       |           7            |            0             |    40    |       0        |    7    |  4   |    0    |  0   |     5      |     0     |     0     |   0   |           7            |           1            |        6        |           4           |         0          |          0          |          0          |        10       |
|      1       |           11           |            0             |    50    |       1        |    2    |  4   |    0    |  0   |     3      |     0     |     0     |   0   |           2            |           2            |        2        |           7           |         0          |          0          |          0          |        4        |
|      2       |           18           |            0             |    94    |       1        |    2    |  38  |    36   |  0   |     3      |     0     |     0     |   0   |           3            |           3            |        3        |           9           |         0          |          0          |          0          |        5        |
|      3       |           11           |            0             |    25    |       2        |    2    |  0   |    0    |  0   |     3      |     0     |     0     |   0   |           1            |           2            |        3        |           9           |         0          |          0          |          0          |        4        |
|      4       |           14           |            0             |    33    |       2        |    2    |  17  |    17   |  0   |     2      |     1     |     0     |   0   |           1            |           2            |        0        |           4           |         0          |          0          |          0          |        2        |
|      5       |           7            |            0             |    15    |       1        |    2    |  9   |    9    |  0   |     2      |     1     |     0     |   0   |           1            |           2            |        1        |           1           |         0          |          0          |          0          |        2        |
|      6       |           1            |            0             |    0     |       0        |    1    |  0   |    0    |  0   |     1      |     0     |     0     |   0   |           1            |           0            |        1        |           0           |         0          |          0          |          0          |        1        |
|      7       |           5            |            0             |    0     |       0        |    2    |  0   |    0    |  0   |     4      |     0     |     0     |   0   |           2            |           0            |        6        |           4           |         0          |          0          |          0          |        6        |
|      8       |           22           |            0             |   128    |       3        |    3    |  21  |    17   |  0   |     4      |     1     |     0     |   0   |           3            |           4            |        2        |           8           |         0          |          0          |          0          |        6        |
|      9       |           8            |            0             |    20    |       2        |    3    |  2   |    2    |  0   |     2      |     1     |     0     |   0   |           2            |           3            |        1        |           4           |         0          |          0          |          0          |        4        |
|      10      |           8            |            0             |    20    |       2        |    3    |  2   |    2    |  0   |     2      |     1     |     0     |   0   |           2            |           3            |        0        |           4           |         0          |          0          |          0          |        3        |
|      11      |           8            |            0             |    20    |       2        |    3    |  2   |    2    |  0   |     2      |     1     |     0     |   0   |           2            |           3            |        0        |           4           |         0          |          0          |          0          |        3        |
|      12      |           2            |            0             |    10    |       1        |    2    |  2   |    2    |  0   |     1      |     1     |     0     |   0   |           1            |           2            |        0        |           1           |         0          |          0          |          0          |        2        |
|      13      |           16           |            0             |    72    |       2        |    3    |  4   |    0    |  0   |     3      |     0     |     0     |   0   |           2            |           2            |        3        |           10          |         0          |          0          |          0          |        6        |
|      14      |           4            |            0             |    40    |       0        |    0    |  4   |    0    |  0   |     2      |     0     |     0     |   0   |           1            |           1            |        2        |           2           |         0          |          0          |          0          |        3        |
|      15      |           0            |            0             |    0     |       0        |    0    |  0   |    0    |  0   |     1      |     0     |     0     |   0   |           0            |           0            |        1        |           0           |         0          |          0          |          0          |        1        |
|      16      |           0            |            7             |    0     |       0        |    0    |  2   |    0    |  2   |     4      |     0     |     0     |   0   |           0            |           0            |        1        |           6           |         0          |          0          |          0          |        1        |
|      17      |           0            |            0             |    0     |       0        |    0    |  0   |    0    |  0   |     0      |     0     |     0     |   0   |           0            |           0            |        0        |           0           |         0          |          0          |          0          |        0        |
|      18      |           0            |            0             |    0     |       0        |    0    |  0   |    0    |  0   |     0      |     0     |     0     |   0   |           0            |           0            |        0        |           0           |         0          |          0          |          0          |        0        |
|      19      |           0            |            0             |    0     |       0        |    0    |  0   |    0    |  0   |     0      |     0     |     0     |   0   |           0            |           0            |        0        |           0           |         0          |          0          |          0          |        0        |
|              |                        |                          |          |                |         |      |         |      |            |           |           |       |                        |                        |                 |                       |                    |                     |                     |                 |
|    Totals    |          142           |            7             |   567    |       19       |    37   | 111  |    87   |  2   |     44     |     7     |     0     |   0   |           31           |           30           |        32       |           77          |         0          |          0          |          0          |        63       |
---------------------------------------------------------------------------------------------------------------------------------------------------------------------------------------------------------------------------------------------------------------------------------------------------------------------------------------------------------------


------------------------------------------------------------------------------------------------------------------------------------------------------------------------------------------------------------------------------------------------------------------------------------------------------------------------------------------------------------------
| Stage Number | Exact Match Input xbar | Ternary Match Input xbar | Hash Bit | Hash Dist Unit | Gateway |  SRAM  | Map RAM |  TCAM | VLIW Instr | Meter ALU | Stats ALU | Stash | Exact Match Search Bus | Exact Match Result Bus | Tind Result Bus | Action Data Bus Bytes | 8-bit Action Slots | 16-bit Action Slots | 32-bit Action Slots | Logical TableID |
------------------------------------------------------------------------------------------------------------------------------------------------------------------------------------------------------------------------------------------------------------------------------------------------------------------------------------------------------------------
|      0       |         5.47%          |          0.00%           |  9.62%   |     0.00%      |  43.75% | 5.00%  |  0.00%  | 0.00% |   15.62%   |   0.00%   |   0.00%   | 0.00% |         43.75%         |         6.25%          |      37.50%     |         3.12%         |       0.00%        |        0.00%        |        0.00%        |      62.50%     |
|      1       |         8.59%          |          0.00%           |  12.02%  |     16.67%     |  12.50% | 5.00%  |  0.00%  | 0.00% |   9.38%    |   0.00%   |   0.00%   | 0.00% |         12.50%         |         12.50%         |      12.50%     |         5.47%         |       0.00%        |        0.00%        |        0.00%        |      25.00%     |
|      2       |         14.06%         |          0.00%           |  22.60%  |     16.67%     |  12.50% | 47.50% |  75.00% | 0.00% |   9.38%    |   0.00%   |   0.00%   | 0.00% |         18.75%         |         18.75%         |      18.75%     |         7.03%         |       0.00%        |        0.00%        |        0.00%        |      31.25%     |
|      3       |         8.59%          |          0.00%           |  6.01%   |     33.33%     |  12.50% | 0.00%  |  0.00%  | 0.00% |   9.38%    |   0.00%   |   0.00%   | 0.00% |         6.25%          |         12.50%         |      18.75%     |         7.03%         |       0.00%        |        0.00%        |        0.00%        |      25.00%     |
|      4       |         10.94%         |          0.00%           |  7.93%   |     33.33%     |  12.50% | 21.25% |  35.42% | 0.00% |   6.25%    |   25.00%  |   0.00%   | 0.00% |         6.25%          |         12.50%         |      0.00%      |         3.12%         |       0.00%        |        0.00%        |        0.00%        |      12.50%     |
|      5       |         5.47%          |          0.00%           |  3.61%   |     16.67%     |  12.50% | 11.25% |  18.75% | 0.00% |   6.25%    |   25.00%  |   0.00%   | 0.00% |         6.25%          |         12.50%         |      6.25%      |         0.78%         |       0.00%        |        0.00%        |        0.00%        |      12.50%     |
|      6       |         0.78%          |          0.00%           |  0.00%   |     0.00%      |  6.25%  | 0.00%  |  0.00%  | 0.00% |   3.12%    |   0.00%   |   0.00%   | 0.00% |         6.25%          |         0.00%          |      6.25%      |         0.00%         |       0.00%        |        0.00%        |        0.00%        |      6.25%      |
|      7       |         3.91%          |          0.00%           |  0.00%   |     0.00%      |  12.50% | 0.00%  |  0.00%  | 0.00% |   12.50%   |   0.00%   |   0.00%   | 0.00% |         12.50%         |         0.00%          |      37.50%     |         3.12%         |       0.00%        |        0.00%        |        0.00%        |      37.50%     |
|      8       |         17.19%         |          0.00%           |  30.77%  |     50.00%     |  18.75% | 26.25% |  35.42% | 0.00% |   12.50%   |   25.00%  |   0.00%   | 0.00% |         18.75%         |         25.00%         |      12.50%     |         6.25%         |       0.00%        |        0.00%        |        0.00%        |      37.50%     |
|      9       |         6.25%          |          0.00%           |  4.81%   |     33.33%     |  18.75% | 2.50%  |  4.17%  | 0.00% |   6.25%    |   25.00%  |   0.00%   | 0.00% |         12.50%         |         18.75%         |      6.25%      |         3.12%         |       0.00%        |        0.00%        |        0.00%        |      25.00%     |
|      10      |         6.25%          |          0.00%           |  4.81%   |     33.33%     |  18.75% | 2.50%  |  4.17%  | 0.00% |   6.25%    |   25.00%  |   0.00%   | 0.00% |         12.50%         |         18.75%         |      0.00%      |         3.12%         |       0.00%        |        0.00%        |        0.00%        |      18.75%     |
|      11      |         6.25%          |          0.00%           |  4.81%   |     33.33%     |  18.75% | 2.50%  |  4.17%  | 0.00% |   6.25%    |   25.00%  |   0.00%   | 0.00% |         12.50%         |         18.75%         |      0.00%      |         3.12%         |       0.00%        |        0.00%        |        0.00%        |      18.75%     |
|      12      |         1.56%          |          0.00%           |  2.40%   |     16.67%     |  12.50% | 2.50%  |  4.17%  | 0.00% |   3.12%    |   25.00%  |   0.00%   | 0.00% |         6.25%          |         12.50%         |      0.00%      |         0.78%         |       0.00%        |        0.00%        |        0.00%        |      12.50%     |
|      13      |         12.50%         |          0.00%           |  17.31%  |     33.33%     |  18.75% | 5.00%  |  0.00%  | 0.00% |   9.38%    |   0.00%   |   0.00%   | 0.00% |         12.50%         |         12.50%         |      18.75%     |         7.81%         |       0.00%        |        0.00%        |        0.00%        |      37.50%     |
|      14      |         3.12%          |          0.00%           |  9.62%   |     0.00%      |  0.00%  | 5.00%  |  0.00%  | 0.00% |   6.25%    |   0.00%   |   0.00%   | 0.00% |         6.25%          |         6.25%          |      12.50%     |         1.56%         |       0.00%        |        0.00%        |        0.00%        |      18.75%     |
|      15      |         0.00%          |          0.00%           |  0.00%   |     0.00%      |  0.00%  | 0.00%  |  0.00%  | 0.00% |   3.12%    |   0.00%   |   0.00%   | 0.00% |         0.00%          |         0.00%          |      6.25%      |         0.00%         |       0.00%        |        0.00%        |        0.00%        |      6.25%      |
|      16      |         0.00%          |          10.61%          |  0.00%   |     0.00%      |  0.00%  | 2.50%  |  0.00%  | 8.33% |   12.50%   |   0.00%   |   0.00%   | 0.00% |         0.00%          |         0.00%          |      6.25%      |         4.69%         |       0.00%        |        0.00%        |        0.00%        |      6.25%      |
|      17      |         0.00%          |          0.00%           |  0.00%   |     0.00%      |  0.00%  | 0.00%  |  0.00%  | 0.00% |   0.00%    |   0.00%   |   0.00%   | 0.00% |         0.00%          |         0.00%          |      0.00%      |         0.00%         |       0.00%        |        0.00%        |        0.00%        |      0.00%      |
|      18      |         0.00%          |          0.00%           |  0.00%   |     0.00%      |  0.00%  | 0.00%  |  0.00%  | 0.00% |   0.00%    |   0.00%   |   0.00%   | 0.00% |         0.00%          |         0.00%          |      0.00%      |         0.00%         |       0.00%        |        0.00%        |        0.00%        |      0.00%      |
|      19      |         0.00%          |          0.00%           |  0.00%   |     0.00%      |  0.00%  | 0.00%  |  0.00%  | 0.00% |   0.00%    |   0.00%   |   0.00%   | 0.00% |         0.00%          |         0.00%          |      0.00%      |         0.00%         |       0.00%        |        0.00%        |        0.00%        |      0.00%      |
|              |                        |                          |          |                |         |        |         |       |            |           |           |       |                        |                        |                 |                       |                    |                     |                     |                 |
|   Average    |         6.53%          |          0.62%           |  8.02%   |     18.63%     |  13.60% | 8.16%  |  10.66% | 0.49% |   8.09%    |   10.29%  |   0.00%   | 0.00% |         11.40%         |         11.03%         |      11.76%     |         3.54%         |       0.00%        |        0.00%        |        0.00%        |      23.16%     |
------------------------------------------------------------------------------------------------------------------------------------------------------------------------------------------------------------------------------------------------------------------------------------------------------------------------------------------------------------------


Allocated Resource Usage
-------------------------------------------------------------------------------------------------------------------------------------------------------------------
|                         Table                          | Stage  | Crossbar | Hash | Gateways | RAMs | TCAMs | Map  | Action |  VLIW |  Exm   |  Exm   |  Tind  |
|                          Name                          | Number |  Bytes   | Bits |          |      |       | RAMs |  Data  | Slots | Search | Result | Result |
|                                                        |        |          |      |          |      |       |      |  Bus   |       |  Bus   |  Bus   |  Bus   |
|                                                        |        |          |      |          |      |       |      | Bytes  |       |        |        |        |
-------------------------------------------------------------------------------------------------------------------------------------------------------------------
|              IngressParser.$PORT_METADATA              |   -1   |    0     |  0   |    0     |  0   |   0   |  0   |   0    |   0   |   0    |   0    |   0    |
|             Ingress.ingress_port_to_nf_dev             |   0    |    2     |  40  |    0     |  4   |   0   |  0   |   4    |   3   |   1    |   1    |   0    |
|                        cond-17                         |   0    |    2     |  0   |    1     |  0   |   0   |  0   |   0    |   0   |   1    |   0    |   0    |
|                        cond-18                         |   0    |    1     |  0   |    1     |  0   |   0   |  0   |   0    |   0   |   1    |   0    |   0    |
|                        cond-19                         |   0    |    2     |  0   |    1     |  0   |   0   |  0   |   0    |   0   |   1    |   0    |   0    |
|                        cond-20                         |   0    |    1     |  0   |    1     |  0   |   0   |  0   |   0    |   0   |   1    |   0    |   0    |
|                        cond-21                         |   0    |    1     |  0   |    1     |  0   |   0   |  0   |   0    |   0   |   1    |   0    |   0    |
|                        cond-31                         |   0    |    2     |  0   |    1     |  0   |   0   |  0   |   0    |   0   |   1    |   0    |   0    |
|                        cond-32                         |   0    |    2     |  0   |    1     |  0   |   0   |  0   |   0    |   0   |   1    |   0    |   0    |
|         tbl_psdf40000c100000zipf0_2hmaxtput755         |   0    |    0     |  0   |    0     |  0   |   0   |  0   |   0    |   1   |   0    |   0    |   1    |
|         tbl_psdf40000c100000zipf0_2hmaxtput933         |   0    |    0     |  0   |    0     |  0   |   0   |  0   |   0    |   1   |   0    |   0    |   1    |
|         tbl_psdf40000c100000zipf0_2hmaxtput939         |   0    |    0     |  0   |    0     |  0   |   0   |  0   |   0    |   1   |   0    |   0    |   1    |
|         tbl_psdf40000c100000zipf0_2hmaxtput953         |   0    |    0     |  0   |    0     |  0   |   0   |  0   |   0    |   1   |   0    |   0    |   1    |
|         tbl_psdf40000c100000zipf0_2hmaxtput959         |   0    |    0     |  0   |    0     |  0   |   0   |  0   |   0    |   1   |   0    |   0    |   1    |
|         tbl_psdf40000c100000zipf0_2hmaxtput967         |   0    |    0     |  0   |    0     |  0   |   0   |  0   |   0    |   1   |   0    |   0    |   1    |
|          Ingress.vector_table_1074109560_142           |   1    |    4     |  40  |    0     |  4   |   0   |  0   |   4    |   2   |   1    |   1    |   0    |
|                        cond-22                         |   1    |    1     |  0   |    1     |  0   |   0   |  0   |   0    |   0   |   1    |   0    |   0    |
|           tbl_bf_1074096984_hash_3_3705_calc           |   1    |    6     |  10  |    0     |  0   |   0   |  0   |   3    |   1   |   0    |   1    |   0    |
|       tbl_bf_1074096984_hash_3_3705_calc-gateway       |   1    |    0     |  0   |    1     |  0   |   0   |  0   |   0    |   0   |   1    |   0    |   0    |
|                 tbl_build_recirc_hdr_0                 |   1    |    0     |  0   |    0     |  0   |   0   |  0   |   0    |   1   |   0    |   0    |   1    |
|                 tbl_build_recirc_hdr_1                 |   1    |    0     |  0   |    0     |  0   |   0   |  0   |   0    |   1   |   0    |   0    |   1    |
|          Ingress.fcfs_ct_1074048392_table_145          |   2    |    4     |  44  |    0     |  16  |   0   |  36  |   4    |   2   |   1    |   1    |   0    |
|      Ingress.fcfs_ct_1074048392_table_145$action       |   2    |    0     |  0   |    0     |  18  |   0   |  0   |   0    |   0   |   0    |   0    |   0    |
|          Ingress.vector_table_1074126776_192           |   2    |    4     |  40  |    0     |  4   |   0   |  0   |   2    |   2   |   1    |   1    |   0    |
|                        cond-23                         |   2    |    4     |  0   |    1     |  0   |   0   |  0   |   0    |   0   |   1    |   0    |   1    |
|                        tbl_act                         |   2    |    0     |  0   |    0     |  0   |   0   |  0   |   0    |   1   |   0    |   0    |   1    |
|           tbl_bf_1074096984_hash_2_3705_calc           |   2    |    6     |  10  |    0     |  0   |   0   |  0   |   3    |   1   |   0    |   1    |   0    |
|       tbl_bf_1074096984_hash_2_3705_calc-gateway       |   2    |    0     |  0   |    1     |  0   |   0   |  0   |   0    |   0   |   1    |   0    |   0    |
|         tbl_psdf40000c100000zipf0_2hmaxtput790         |   2    |    0     |  0   |    0     |  0   |   0   |  0   |   0    |   1   |   0    |   0    |   1    |
|                        cond-24                         |   3    |    1     |  0   |    1     |  0   |   0   |  0   |   0    |   0   |   1    |   0    |   1    |
|           tbl_bf_1074096984_hash_1_3705_calc           |   3    |    6     |  10  |    0     |  0   |   0   |  0   |   3    |   1   |   0    |   1    |   0    |
|       tbl_bf_1074096984_hash_1_3705_calc-gateway       |   3    |    0     |  0   |    1     |  0   |   0   |  0   |   0    |   0   |   1    |   0    |   0    |
|          tbl_fcfs_ct_1074048392_hash_145_calc          |   3    |    4     |  15  |    0     |  0   |   0   |  0   |   6    |   1   |   0    |   1    |   0    |
|         tbl_psdf40000c100000zipf0_2hmaxtput913         |   3    |    0     |  0   |    0     |  0   |   0   |  0   |   0    |   1   |   0    |   0    |   1    |
|         tbl_psdf40000c100000zipf0_2hmaxtput973         |   3    |    0     |  0   |    0     |  0   |   0   |  0   |   0    |   1   |   0    |   0    |   1    |
|        Ingress.fcfs_ct_1074048392_reg_liveness         |   4    |    4     |  0   |    0     |  17  |   0   |  17  |   0    |   0   |   0    |   0    |   0    |
|           tbl_bf_1074096984_hash_0_3705_calc           |   4    |    6     |  10  |    0     |  0   |   0   |  0   |   2    |   1   |   0    |   1    |   0    |
|       tbl_bf_1074096984_hash_0_3705_calc-gateway       |   4    |    0     |  0   |    1     |  0   |   0   |  0   |   0    |   0   |   1    |   0    |   0    |
|         tbl_psdf40000c100000zipf0_2hmaxtput795         |   4    |    4     |  23  |    0     |  0   |   0   |  0   |   2    |   1   |   0    |   1    |   0    |
|     tbl_psdf40000c100000zipf0_2hmaxtput795-gateway     |   4    |    0     |  0   |    1     |  0   |   0   |  0   |   0    |   0   |   1    |   0    |   0    |
|          Ingress.fcfs_ct_1074048392_reg_key_0          |   5    |    4     |  0   |    0     |  9   |   0   |  9   |   0    |   0   |   0    |   0    |   0    |
|                        cond-25                         |   5    |    1     |  0   |    1     |  0   |   0   |  0   |   0    |   0   |   1    |   0    |   1    |
|            tbl_fcfs_ct_1074048392_check_key            |   5    |    2     |  15  |    0     |  0   |   0   |  0   |   1    |   1   |   0    |   1    |   0    |
|         tbl_psdf40000c100000zipf0_2hmaxtput802         |   5    |    0     |  0   |    0     |  0   |   0   |  0   |   1    |   1   |   0    |   1    |   0    |
|     tbl_psdf40000c100000zipf0_2hmaxtput802-gateway     |   5    |    0     |  0   |    1     |  0   |   0   |  0   |   0    |   0   |   1    |   0    |   0    |
|                        cond-26                         |   6    |    1     |  0   |    1     |  0   |   0   |  0   |   0    |   0   |   1    |   0    |   0    |
|         tbl_psdf40000c100000zipf0_2hmaxtput799         |   6    |    0     |  0   |    0     |  0   |   0   |  0   |   0    |   1   |   0    |   0    |   1    |
|                        cond-27                         |   7    |    1     |  0   |    1     |  0   |   0   |  0   |   0    |   0   |   1    |   0    |   0    |
|                        cond-30                         |   7    |    4     |  0   |    1     |  0   |   0   |  0   |   0    |   0   |   1    |   0    |   0    |
|                  tbl_build_cpu_hdr_0                   |   7    |    0     |  0   |    0     |  0   |   0   |  0   |   4    |   1   |   0    |   0    |   1    |
|                  tbl_build_recirc_hdr                  |   7    |    0     |  0   |    0     |  0   |   0   |  0   |   0    |   1   |   0    |   0    |   1    |
|         tbl_psdf40000c100000zipf0_2hmaxtput815         |   7    |    0     |  0   |    0     |  0   |   0   |  0   |   0    |   1   |   0    |   0    |   1    |
|         tbl_psdf40000c100000zipf0_2hmaxtput819         |   7    |    0     |  0   |    0     |  0   |   0   |  0   |   0    |   1   |   0    |   0    |   1    |
|         tbl_psdf40000c100000zipf0_2hmaxtput890         |   7    |    0     |  0   |    0     |  0   |   0   |  0   |   0    |   1   |   0    |   0    |   1    |
|         tbl_psdf40000c100000zipf0_2hmaxtput898         |   7    |    0     |  0   |    0     |  0   |   0   |  0   |   0    |   1   |   0    |   0    |   1    |
|          Ingress.vector_register_1074079432_0          |   8    |    4     |  32  |    0     |  17  |   0   |  17  |   0    |   0   |   0    |   0    |   0    |
|          Ingress.vector_table_1074126776_161           |   8    |    4     |  40  |    0     |  4   |   0   |  0   |   2    |   2   |   1    |   1    |   0    |
|           tbl_bf_1074096984_hash_0_1928_calc           |   8    |    6     |  10  |    0     |  0   |   0   |  0   |   2    |   1   |   0    |   1    |   0    |
|       tbl_bf_1074096984_hash_0_1928_calc-gateway       |   8    |    0     |  0   |    1     |  0   |   0   |  0   |   0    |   0   |   1    |   0    |   0    |
|         tbl_psdf40000c100000zipf0_2hmaxtput888         |   8    |    0     |  0   |    0     |  0   |   0   |  0   |   0    |   1   |   0    |   0    |   1    |
|         tbl_psdf40000c100000zipf0_2hmaxtput896         |   8    |    0     |  0   |    0     |  0   |   0   |  0   |   0    |   1   |   0    |   0    |   1    |
|     tbl_regexec_vector_register_1074079432_0_read      |   8    |    4     |  23  |    0     |  0   |   0   |  0   |   4    |   1   |   0    |   1    |   0    |
| tbl_regexec_vector_register_1074079432_0_read-gateway  |   8    |    0     |  0   |    1     |  0   |   0   |  0   |   0    |   0   |   1    |   0    |   0    |
|     tbl_regexec_vector_register_1074079432_0_write     |   8    |    4     |  23  |    0     |  0   |   0   |  0   |   4    |   1   |   0    |   1    |   0    |
| tbl_regexec_vector_register_1074079432_0_write-gateway |   8    |    0     |  0   |    1     |  0   |   0   |  0   |   0    |   0   |   1    |   0    |   0    |
|              Ingress.bf_1074096984_row_0               |   9    |    0     |  0   |    0     |  2   |   0   |  2   |   0    |   0   |   0    |   0    |   0    |
|           tbl_bf_1074096984_hash_1_1928_calc           |   9    |    6     |  10  |    0     |  0   |   0   |  0   |   3    |   1   |   0    |   1    |   0    |
|       tbl_bf_1074096984_hash_1_1928_calc-gateway       |   9    |    0     |  0   |    1     |  0   |   0   |  0   |   0    |   0   |   1    |   0    |   0    |
|      tbl_bf_1074096984_row_0_read_and_set_execute      |   9    |    2     |  10  |    0     |  0   |   0   |  0   |   1    |   1   |   0    |   1    |   0    |
|  tbl_bf_1074096984_row_0_read_and_set_execute-gateway  |   9    |    0     |  0   |    1     |  0   |   0   |  0   |   0    |   0   |   1    |   0    |   0    |
|       tbl_bf_1074096984_row_0_set_to_one_execute       |   9    |    0     |  0   |    0     |  0   |   0   |  0   |   1    |   1   |   0    |   1    |   0    |
|   tbl_bf_1074096984_row_0_set_to_one_execute-gateway   |   9    |    0     |  0   |    1     |  0   |   0   |  0   |   0    |   0   |   1    |   0    |   0    |
|         tbl_psdf40000c100000zipf0_2hmaxtput935         |   9    |    0     |  0   |    0     |  0   |   0   |  0   |   0    |   1   |   0    |   0    |   1    |
|              Ingress.bf_1074096984_row_1               |   10   |    0     |  0   |    0     |  2   |   0   |  2   |   0    |   0   |   0    |   0    |   0    |
|           tbl_bf_1074096984_hash_2_1928_calc           |   10   |    6     |  10  |    0     |  0   |   0   |  0   |   3    |   1   |   0    |   1    |   0    |
|       tbl_bf_1074096984_hash_2_1928_calc-gateway       |   10   |    0     |  0   |    1     |  0   |   0   |  0   |   0    |   0   |   1    |   0    |   0    |
|      tbl_bf_1074096984_row_1_read_and_set_execute      |   10   |    2     |  10  |    0     |  0   |   0   |  0   |   1    |   1   |   0    |   1    |   0    |
|  tbl_bf_1074096984_row_1_read_and_set_execute-gateway  |   10   |    0     |  0   |    1     |  0   |   0   |  0   |   0    |   0   |   1    |   0    |   0    |
|       tbl_bf_1074096984_row_1_set_to_one_execute       |   10   |    0     |  0   |    0     |  0   |   0   |  0   |   1    |   1   |   0    |   1    |   0    |
|   tbl_bf_1074096984_row_1_set_to_one_execute-gateway   |   10   |    0     |  0   |    1     |  0   |   0   |  0   |   0    |   0   |   1    |   0    |   0    |
|              Ingress.bf_1074096984_row_2               |   11   |    0     |  0   |    0     |  2   |   0   |  2   |   0    |   0   |   0    |   0    |   0    |
|           tbl_bf_1074096984_hash_3_1928_calc           |   11   |    6     |  10  |    0     |  0   |   0   |  0   |   3    |   1   |   0    |   1    |   0    |
|       tbl_bf_1074096984_hash_3_1928_calc-gateway       |   11   |    0     |  0   |    1     |  0   |   0   |  0   |   0    |   0   |   1    |   0    |   0    |
|      tbl_bf_1074096984_row_2_read_and_set_execute      |   11   |    2     |  10  |    0     |  0   |   0   |  0   |   1    |   1   |   0    |   1    |   0    |
|  tbl_bf_1074096984_row_2_read_and_set_execute-gateway  |   11   |    0     |  0   |    1     |  0   |   0   |  0   |   0    |   0   |   1    |   0    |   0    |
|       tbl_bf_1074096984_row_2_set_to_one_execute       |   11   |    0     |  0   |    0     |  0   |   0   |  0   |   1    |   1   |   0    |   1    |   0    |
|   tbl_bf_1074096984_row_2_set_to_one_execute-gateway   |   11   |    0     |  0   |    1     |  0   |   0   |  0   |   0    |   0   |   1    |   0    |   0    |
|              Ingress.bf_1074096984_row_3               |   12   |    0     |  0   |    0     |  2   |   0   |  2   |   0    |   0   |   0    |   0    |   0    |
|      tbl_bf_1074096984_row_3_read_and_set_execute      |   12   |    2     |  10  |    0     |  0   |   0   |  0   |   1    |   1   |   0    |   1    |   0    |
|  tbl_bf_1074096984_row_3_read_and_set_execute-gateway  |   12   |    0     |  0   |    1     |  0   |   0   |  0   |   0    |   0   |   1    |   0    |   0    |
|       tbl_bf_1074096984_row_3_set_to_one_execute       |   12   |    0     |  0   |    0     |  0   |   0   |  0   |   1    |   1   |   0    |   1    |   0    |
|   tbl_bf_1074096984_row_3_set_to_one_execute-gateway   |   12   |    0     |  0   |    1     |  0   |   0   |  0   |   0    |   0   |   1    |   0    |   0    |
|          Ingress.vector_table_1074126776_174           |   13   |    4     |  40  |    0     |  4   |   0   |  0   |   2    |   2   |   1    |   1    |   0    |
|                        cond-28                         |   13   |    4     |  0   |    1     |  0   |   0   |  0   |   0    |   0   |   1    |   0    |   0    |
|                        cond-29                         |   13   |    4     |  0   |    1     |  0   |   0   |  0   |   0    |   0   |   1    |   0    |   0    |
|                   tbl_build_cpu_hdr                    |   13   |    0     |  0   |    0     |  0   |   0   |  0   |   4    |   1   |   0    |   0    |   1    |
|         tbl_psdf40000c100000zipf0_2hmaxtput850         |   13   |    0     |  0   |    0     |  0   |   0   |  0   |   0    |   1   |   0    |   0    |   1    |
|         tbl_psdf40000c100000zipf0_2hmaxtput851         |   13   |    8     |  32  |    0     |  0   |   0   |  0   |   4    |   1   |   0    |   1    |   0    |
|     tbl_psdf40000c100000zipf0_2hmaxtput851-gateway     |   13   |    0     |  0   |    1     |  0   |   0   |  0   |   0    |   0   |   1    |   0    |   0    |
|         tbl_psdf40000c100000zipf0_2hmaxtput861         |   13   |    0     |  0   |    0     |  0   |   0   |  0   |   0    |   1   |   0    |   0    |   1    |
|          Ingress.vector_table_1074126776_186           |   14   |    4     |  40  |    0     |  4   |   0   |  0   |   2    |   2   |   1    |   1    |   0    |
|         tbl_psdf40000c100000zipf0_2hmaxtput848         |   14   |    0     |  0   |    0     |  0   |   0   |  0   |   0    |   1   |   0    |   0    |   1    |
|         tbl_psdf40000c100000zipf0_2hmaxtput852         |   14   |    0     |  0   |    0     |  0   |   0   |  0   |   0    |   1   |   0    |   0    |   1    |
|         tbl_psdf40000c100000zipf0_2hmaxtput876         |   15   |    0     |  0   |    0     |  0   |   0   |  0   |   0    |   1   |   0    |   0    |   1    |
|                 Ingress.forwarding_tbl                 |   16   |    7     |  0   |    0     |  1   |   2   |  0   |   6    |   4   |   0    |   0    |   1    |
|             Ingress.forwarding_tbl$action              |   16   |    0     |  0   |    0     |  1   |   0   |  0   |   0    |   0   |   0    |   0    |   0    |
-------------------------------------------------------------------------------------------------------------------------------------------------------------------

