+---------------------------------------------------------------------+
|  Log file: mau.resources.log                                        |
|  Compiler version: 9.13.4                                           |
|  Created on: Sat Jan 24 11:58:27 2026                               |
|  Run ID: 96616a4c67c14bdc                                           |
+---------------------------------------------------------------------+


---------------------------------------------------------------------------------------------------------------------------------------------------------------------------------------------------------------------------------------------------------------------------------------------------------------------------------------------------------------
| Stage Number | Exact Match Input xbar | Ternary Match Input xbar | Hash Bit | Hash Dist Unit | Gateway | SRAM | Map RAM | TCAM | VLIW Instr | Meter ALU | Stats ALU | Stash | Exact Match Search Bus | Exact Match Result Bus | Tind Result Bus | Action Data Bus Bytes | 8-bit Action Slots | 16-bit Action Slots | 32-bit Action Slots | Logical TableID |
---------------------------------------------------------------------------------------------------------------------------------------------------------------------------------------------------------------------------------------------------------------------------------------------------------------------------------------------------------------
|      0       |           5            |            0             |    40    |       0        |    4    |  4   |    0    |  0   |     3      |     0     |     0     |   0   |           4            |           1            |        2        |           4           |         0          |          0          |          0          |        6        |
|      1       |           5            |            0             |    40    |       0        |    1    |  4   |    0    |  0   |     1      |     0     |     0     |   0   |           1            |           1            |        0        |           4           |         0          |          0          |          0          |        1        |
|      2       |           12           |            0             |    84    |       0        |    1    |  38  |    36   |  0   |     3      |     0     |     0     |   0   |           2            |           2            |        3        |           8           |         0          |          0          |          0          |        4        |
|      3       |           5            |            0             |    15    |       1        |    1    |  0   |    0    |  0   |     2      |     0     |     0     |   0   |           1            |           1            |        2        |           4           |         0          |          0          |          0          |        2        |
|      4       |           8            |            0             |    23    |       1        |    1    |  17  |    17   |  0   |     1      |     1     |     0     |   0   |           1            |           1            |        0        |           2           |         0          |          0          |          0          |        1        |
|      5       |           7            |            0             |    15    |       1        |    2    |  9   |    9    |  0   |     2      |     1     |     0     |   0   |           1            |           2            |        1        |           4           |         0          |          0          |          0          |        2        |
|      6       |           1            |            0             |    0     |       0        |    1    |  0   |    0    |  0   |     1      |     0     |     0     |   0   |           1            |           0            |        1        |           0           |         0          |          0          |          0          |        1        |
|      7       |           9            |            0             |    40    |       0        |    2    |  5   |    0    |  0   |     4      |     0     |     0     |   0   |           2            |           1            |        6        |           12          |         0          |          0          |          0          |        7        |
|      8       |           12           |            0             |    60    |       6        |    6    |  0   |    0    |  0   |     4      |     0     |     0     |   0   |           3            |           6            |        0        |           14          |         0          |          0          |          0          |        6        |
|      9       |           16           |            0             |    40    |       4        |    6    |  4   |    4    |  0   |     3      |     2     |     0     |   0   |           3            |           6            |        0        |           14          |         0          |          0          |          0          |        6        |
|      10      |           4            |            0             |    20    |       2        |    4    |  4   |    4    |  0   |     2      |     2     |     0     |   0   |           2            |           4            |        0        |           8           |         0          |          0          |          0          |        4        |
|      11      |           0            |            0             |    0     |       0        |    0    |  0   |    0    |  0   |     1      |     0     |     0     |   0   |           0            |           0            |        1        |           0           |         0          |          0          |          0          |        1        |
|      12      |           0            |            0             |    0     |       0        |    0    |  0   |    0    |  0   |     1      |     0     |     0     |   0   |           0            |           0            |        1        |           0           |         0          |          0          |          0          |        1        |
|      13      |           0            |            0             |    0     |       0        |    0    |  0   |    0    |  0   |     1      |     0     |     0     |   0   |           0            |           0            |        1        |           0           |         0          |          0          |          0          |        1        |
|      14      |           8            |            0             |    23    |       1        |    2    |  17  |    17   |  0   |     2      |     1     |     0     |   0   |           1            |           2            |        0        |           4           |         0          |          0          |          0          |        2        |
|      15      |           16           |            0             |    80    |       0        |    2    |  9   |    0    |  0   |     3      |     0     |     0     |   0   |           3            |           2            |        3        |           14          |         0          |          0          |          0          |        5        |
|      16      |           0            |            0             |    0     |       0        |    0    |  0   |    0    |  0   |     2      |     0     |     0     |   0   |           0            |           0            |        2        |           0           |         0          |          0          |          0          |        2        |
|      17      |           0            |            7             |    0     |       0        |    0    |  2   |    0    |  2   |     4      |     0     |     0     |   0   |           0            |           0            |        1        |           6           |         0          |          0          |          0          |        1        |
|      18      |           0            |            0             |    0     |       0        |    0    |  0   |    0    |  0   |     0      |     0     |     0     |   0   |           0            |           0            |        0        |           0           |         0          |          0          |          0          |        0        |
|      19      |           0            |            0             |    0     |       0        |    0    |  0   |    0    |  0   |     0      |     0     |     0     |   0   |           0            |           0            |        0        |           0           |         0          |          0          |          0          |        0        |
|              |                        |                          |          |                |         |      |         |      |            |           |           |       |                        |                        |                 |                       |                    |                     |                     |                 |
|    Totals    |          108           |            7             |   480    |       16       |    33   | 113  |    87   |  2   |     40     |     7     |     0     |   0   |           25           |           29           |        24       |           98          |         0          |          0          |          0          |        53       |
---------------------------------------------------------------------------------------------------------------------------------------------------------------------------------------------------------------------------------------------------------------------------------------------------------------------------------------------------------------


------------------------------------------------------------------------------------------------------------------------------------------------------------------------------------------------------------------------------------------------------------------------------------------------------------------------------------------------------------------
| Stage Number | Exact Match Input xbar | Ternary Match Input xbar | Hash Bit | Hash Dist Unit | Gateway |  SRAM  | Map RAM |  TCAM | VLIW Instr | Meter ALU | Stats ALU | Stash | Exact Match Search Bus | Exact Match Result Bus | Tind Result Bus | Action Data Bus Bytes | 8-bit Action Slots | 16-bit Action Slots | 32-bit Action Slots | Logical TableID |
------------------------------------------------------------------------------------------------------------------------------------------------------------------------------------------------------------------------------------------------------------------------------------------------------------------------------------------------------------------
|      0       |         3.91%          |          0.00%           |  9.62%   |     0.00%      |  25.00% | 5.00%  |  0.00%  | 0.00% |   9.38%    |   0.00%   |   0.00%   | 0.00% |         25.00%         |         6.25%          |      12.50%     |         3.12%         |       0.00%        |        0.00%        |        0.00%        |      37.50%     |
|      1       |         3.91%          |          0.00%           |  9.62%   |     0.00%      |  6.25%  | 5.00%  |  0.00%  | 0.00% |   3.12%    |   0.00%   |   0.00%   | 0.00% |         6.25%          |         6.25%          |      0.00%      |         3.12%         |       0.00%        |        0.00%        |        0.00%        |      6.25%      |
|      2       |         9.38%          |          0.00%           |  20.19%  |     0.00%      |  6.25%  | 47.50% |  75.00% | 0.00% |   9.38%    |   0.00%   |   0.00%   | 0.00% |         12.50%         |         12.50%         |      18.75%     |         6.25%         |       0.00%        |        0.00%        |        0.00%        |      25.00%     |
|      3       |         3.91%          |          0.00%           |  3.61%   |     16.67%     |  6.25%  | 0.00%  |  0.00%  | 0.00% |   6.25%    |   0.00%   |   0.00%   | 0.00% |         6.25%          |         6.25%          |      12.50%     |         3.12%         |       0.00%        |        0.00%        |        0.00%        |      12.50%     |
|      4       |         6.25%          |          0.00%           |  5.53%   |     16.67%     |  6.25%  | 21.25% |  35.42% | 0.00% |   3.12%    |   25.00%  |   0.00%   | 0.00% |         6.25%          |         6.25%          |      0.00%      |         1.56%         |       0.00%        |        0.00%        |        0.00%        |      6.25%      |
|      5       |         5.47%          |          0.00%           |  3.61%   |     16.67%     |  12.50% | 11.25% |  18.75% | 0.00% |   6.25%    |   25.00%  |   0.00%   | 0.00% |         6.25%          |         12.50%         |      6.25%      |         3.12%         |       0.00%        |        0.00%        |        0.00%        |      12.50%     |
|      6       |         0.78%          |          0.00%           |  0.00%   |     0.00%      |  6.25%  | 0.00%  |  0.00%  | 0.00% |   3.12%    |   0.00%   |   0.00%   | 0.00% |         6.25%          |         0.00%          |      6.25%      |         0.00%         |       0.00%        |        0.00%        |        0.00%        |      6.25%      |
|      7       |         7.03%          |          0.00%           |  9.62%   |     0.00%      |  12.50% | 6.25%  |  0.00%  | 0.00% |   12.50%   |   0.00%   |   0.00%   | 0.00% |         12.50%         |         6.25%          |      37.50%     |         9.38%         |       0.00%        |        0.00%        |        0.00%        |      43.75%     |
|      8       |         9.38%          |          0.00%           |  14.42%  |    100.00%     |  37.50% | 0.00%  |  0.00%  | 0.00% |   12.50%   |   0.00%   |   0.00%   | 0.00% |         18.75%         |         37.50%         |      0.00%      |         10.94%        |       0.00%        |        0.00%        |        0.00%        |      37.50%     |
|      9       |         12.50%         |          0.00%           |  9.62%   |     66.67%     |  37.50% | 5.00%  |  8.33%  | 0.00% |   9.38%    |   50.00%  |   0.00%   | 0.00% |         18.75%         |         37.50%         |      0.00%      |         10.94%        |       0.00%        |        0.00%        |        0.00%        |      37.50%     |
|      10      |         3.12%          |          0.00%           |  4.81%   |     33.33%     |  25.00% | 5.00%  |  8.33%  | 0.00% |   6.25%    |   50.00%  |   0.00%   | 0.00% |         12.50%         |         25.00%         |      0.00%      |         6.25%         |       0.00%        |        0.00%        |        0.00%        |      25.00%     |
|      11      |         0.00%          |          0.00%           |  0.00%   |     0.00%      |  0.00%  | 0.00%  |  0.00%  | 0.00% |   3.12%    |   0.00%   |   0.00%   | 0.00% |         0.00%          |         0.00%          |      6.25%      |         0.00%         |       0.00%        |        0.00%        |        0.00%        |      6.25%      |
|      12      |         0.00%          |          0.00%           |  0.00%   |     0.00%      |  0.00%  | 0.00%  |  0.00%  | 0.00% |   3.12%    |   0.00%   |   0.00%   | 0.00% |         0.00%          |         0.00%          |      6.25%      |         0.00%         |       0.00%        |        0.00%        |        0.00%        |      6.25%      |
|      13      |         0.00%          |          0.00%           |  0.00%   |     0.00%      |  0.00%  | 0.00%  |  0.00%  | 0.00% |   3.12%    |   0.00%   |   0.00%   | 0.00% |         0.00%          |         0.00%          |      6.25%      |         0.00%         |       0.00%        |        0.00%        |        0.00%        |      6.25%      |
|      14      |         6.25%          |          0.00%           |  5.53%   |     16.67%     |  12.50% | 21.25% |  35.42% | 0.00% |   6.25%    |   25.00%  |   0.00%   | 0.00% |         6.25%          |         12.50%         |      0.00%      |         3.12%         |       0.00%        |        0.00%        |        0.00%        |      12.50%     |
|      15      |         12.50%         |          0.00%           |  19.23%  |     0.00%      |  12.50% | 11.25% |  0.00%  | 0.00% |   9.38%    |   0.00%   |   0.00%   | 0.00% |         18.75%         |         12.50%         |      18.75%     |         10.94%        |       0.00%        |        0.00%        |        0.00%        |      31.25%     |
|      16      |         0.00%          |          0.00%           |  0.00%   |     0.00%      |  0.00%  | 0.00%  |  0.00%  | 0.00% |   6.25%    |   0.00%   |   0.00%   | 0.00% |         0.00%          |         0.00%          |      12.50%     |         0.00%         |       0.00%        |        0.00%        |        0.00%        |      12.50%     |
|      17      |         0.00%          |          10.61%          |  0.00%   |     0.00%      |  0.00%  | 2.50%  |  0.00%  | 8.33% |   12.50%   |   0.00%   |   0.00%   | 0.00% |         0.00%          |         0.00%          |      6.25%      |         4.69%         |       0.00%        |        0.00%        |        0.00%        |      6.25%      |
|      18      |         0.00%          |          0.00%           |  0.00%   |     0.00%      |  0.00%  | 0.00%  |  0.00%  | 0.00% |   0.00%    |   0.00%   |   0.00%   | 0.00% |         0.00%          |         0.00%          |      0.00%      |         0.00%         |       0.00%        |        0.00%        |        0.00%        |      0.00%      |
|      19      |         0.00%          |          0.00%           |  0.00%   |     0.00%      |  0.00%  | 0.00%  |  0.00%  | 0.00% |   0.00%    |   0.00%   |   0.00%   | 0.00% |         0.00%          |         0.00%          |      0.00%      |         0.00%         |       0.00%        |        0.00%        |        0.00%        |      0.00%      |
|              |                        |                          |          |                |         |        |         |       |            |           |           |       |                        |                        |                 |                       |                    |                     |                     |                 |
|   Average    |         4.69%          |          0.59%           |  6.41%   |     14.81%     |  11.46% | 7.85%  |  10.07% | 0.46% |   6.94%    |   9.72%   |   0.00%   | 0.00% |         8.68%          |         10.07%         |      8.33%      |         4.25%         |       0.00%        |        0.00%        |        0.00%        |      18.40%     |
------------------------------------------------------------------------------------------------------------------------------------------------------------------------------------------------------------------------------------------------------------------------------------------------------------------------------------------------------------------


Allocated Resource Usage
-----------------------------------------------------------------------------------------------------------------------------------------------------------------
|                        Table                         | Stage  | Crossbar | Hash | Gateways | RAMs | TCAMs | Map  | Action |  VLIW |  Exm   |  Exm   |  Tind  |
|                         Name                         | Number |  Bytes   | Bits |          |      |       | RAMs |  Data  | Slots | Search | Result | Result |
|                                                      |        |          |      |          |      |       |      |  Bus   |       |  Bus   |  Bus   |  Bus   |
|                                                      |        |          |      |          |      |       |      | Bytes  |       |        |        |        |
-----------------------------------------------------------------------------------------------------------------------------------------------------------------
|             IngressParser.$PORT_METADATA             |   -1   |    0     |  0   |    0     |  0   |   0   |  0   |   0    |   0   |   0    |   0    |   0    |
|            Ingress.ingress_port_to_nf_dev            |   0    |    2     |  40  |    0     |  4   |   0   |  0   |   4    |   3   |   1    |   1    |   0    |
|                       cond-14                        |   0    |    2     |  0   |    1     |  0   |   0   |  0   |   0    |   0   |   1    |   0    |   0    |
|                       cond-15                        |   0    |    1     |  0   |    1     |  0   |   0   |  0   |   0    |   0   |   1    |   0    |   0    |
|                       cond-16                        |   0    |    1     |  0   |    1     |  0   |   0   |  0   |   0    |   0   |   1    |   0    |   0    |
|                       cond-17                        |   0    |    1     |  0   |    1     |  0   |   0   |  0   |   0    |   0   |   1    |   0    |   0    |
|         tbl_psdf40000c1000000unifhmaxtput701         |   0    |    0     |  0   |    0     |  0   |   0   |  0   |   0    |   1   |   0    |   0    |   1    |
|         tbl_psdf40000c1000000unifhmaxtput910         |   0    |    0     |  0   |    0     |  0   |   0   |  0   |   0    |   1   |   0    |   0    |   1    |
|         Ingress.vector_table_1074109560_142          |   1    |    4     |  40  |    0     |  4   |   0   |  0   |   4    |   2   |   1    |   1    |   0    |
|                       cond-18                        |   1    |    1     |  0   |    1     |  0   |   0   |  0   |   0    |   0   |   1    |   0    |   0    |
|         Ingress.fcfs_ct_1074048392_table_145         |   2    |    4     |  44  |    0     |  16  |   0   |  36  |   4    |   2   |   1    |   1    |   0    |
|     Ingress.fcfs_ct_1074048392_table_145$action      |   2    |    0     |  0   |    0     |  18  |   0   |  0   |   0    |   0   |   0    |   0    |   0    |
|         Ingress.vector_table_1074126776_192          |   2    |    4     |  40  |    0     |  4   |   0   |  0   |   4    |   2   |   1    |   1    |   0    |
|                       cond-19                        |   2    |    4     |  0   |    1     |  0   |   0   |  0   |   0    |   0   |   1    |   0    |   1    |
|                       tbl_act                        |   2    |    0     |  0   |    0     |  0   |   0   |  0   |   0    |   1   |   0    |   0    |   1    |
|         tbl_psdf40000c1000000unifhmaxtput739         |   2    |    0     |  0   |    0     |  0   |   0   |  0   |   0    |   1   |   0    |   0    |   1    |
|                       cond-20                        |   3    |    1     |  0   |    1     |  0   |   0   |  0   |   0    |   0   |   1    |   0    |   1    |
|         tbl_fcfs_ct_1074048392_hash_145_calc         |   3    |    4     |  15  |    0     |  0   |   0   |  0   |   4    |   1   |   0    |   1    |   0    |
|         tbl_psdf40000c1000000unifhmaxtput893         |   3    |    0     |  0   |    0     |  0   |   0   |  0   |   0    |   1   |   0    |   0    |   1    |
|       Ingress.fcfs_ct_1074048392_reg_liveness        |   4    |    4     |  0   |    0     |  17  |   0   |  17  |   0    |   0   |   0    |   0    |   0    |
|         tbl_psdf40000c1000000unifhmaxtput744         |   4    |    4     |  23  |    0     |  0   |   0   |  0   |   2    |   1   |   0    |   1    |   0    |
|     tbl_psdf40000c1000000unifhmaxtput744-gateway     |   4    |    0     |  0   |    1     |  0   |   0   |  0   |   0    |   0   |   1    |   0    |   0    |
|         Ingress.fcfs_ct_1074048392_reg_key_0         |   5    |    4     |  0   |    0     |  9   |   0   |  9   |   0    |   0   |   0    |   0    |   0    |
|                       cond-21                        |   5    |    1     |  0   |    1     |  0   |   0   |  0   |   0    |   0   |   1    |   0    |   1    |
|         tbl_psdf40000c1000000unifhmaxtput747         |   5    |    2     |  15  |    0     |  0   |   0   |  0   |   4    |   1   |   0    |   1    |   0    |
|         tbl_psdf40000c1000000unifhmaxtput752         |   5    |    0     |  0   |    0     |  0   |   0   |  0   |   4    |   1   |   0    |   1    |   0    |
|     tbl_psdf40000c1000000unifhmaxtput752-gateway     |   5    |    0     |  0   |    1     |  0   |   0   |  0   |   0    |   0   |   1    |   0    |   0    |
|                       cond-22                        |   6    |    1     |  0   |    1     |  0   |   0   |  0   |   0    |   0   |   1    |   0    |   0    |
|         tbl_psdf40000c1000000unifhmaxtput749         |   6    |    0     |  0   |    0     |  0   |   0   |  0   |   0    |   1   |   0    |   0    |   1    |
|         Ingress.vector_table_1074126776_161          |   7    |    4     |  40  |    0     |  4   |   0   |  0   |   4    |   2   |   1    |   1    |   0    |
|                       cond-23                        |   7    |    1     |  0   |    1     |  0   |   0   |  0   |   0    |   0   |   1    |   0    |   0    |
|                       cond-26                        |   7    |    4     |  0   |    1     |  0   |   0   |  0   |   0    |   0   |   1    |   0    |   0    |
|                 tbl_build_cpu_hdr_0                  |   7    |    0     |  0   |    0     |  0   |   0   |  0   |   8    |   1   |   0    |   0    |   1    |
|              tbl_build_cpu_hdr_0$action              |   7    |    0     |  0   |    0     |  1   |   0   |  0   |   0    |   0   |   0    |   0    |   0    |
|         tbl_psdf40000c1000000unifhmaxtput765         |   7    |    0     |  0   |    0     |  0   |   0   |  0   |   0    |   1   |   0    |   0    |   1    |
|         tbl_psdf40000c1000000unifhmaxtput848         |   7    |    0     |  0   |    0     |  0   |   0   |  0   |   0    |   1   |   0    |   0    |   1    |
|         tbl_psdf40000c1000000unifhmaxtput862         |   7    |    0     |  0   |    0     |  0   |   0   |  0   |   0    |   1   |   0    |   0    |   1    |
|         tbl_psdf40000c1000000unifhmaxtput874         |   7    |    0     |  0   |    0     |  0   |   0   |  0   |   0    |   1   |   0    |   0    |   1    |
|         tbl_psdf40000c1000000unifhmaxtput876         |   7    |    0     |  0   |    0     |  0   |   0   |  0   |   0    |   1   |   0    |   0    |   1    |
|          tbl_bf_1074096984_hash_0_2258_calc          |   8    |    6     |  10  |    0     |  0   |   0   |  0   |   4    |   1   |   0    |   1    |   0    |
|      tbl_bf_1074096984_hash_0_2258_calc-gateway      |   8    |    0     |  0   |    1     |  0   |   0   |  0   |   0    |   0   |   1    |   0    |   0    |
|          tbl_bf_1074096984_hash_1_2258_calc          |   8    |    6     |  10  |    0     |  0   |   0   |  0   |   2    |   1   |   0    |   1    |   0    |
|      tbl_bf_1074096984_hash_1_2258_calc-gateway      |   8    |    0     |  0   |    1     |  0   |   0   |  0   |   0    |   0   |   1    |   0    |   0    |
|          tbl_bf_1074096984_hash_2_2258_calc          |   8    |    6     |  10  |    0     |  0   |   0   |  0   |   2    |   1   |   0    |   1    |   0    |
|      tbl_bf_1074096984_hash_2_2258_calc-gateway      |   8    |    0     |  0   |    1     |  0   |   0   |  0   |   0    |   0   |   1    |   0    |   0    |
|          tbl_bf_1074096984_hash_2_4748_calc          |   8    |    6     |  10  |    0     |  0   |   0   |  0   |   2    |   1   |   0    |   1    |   0    |
|      tbl_bf_1074096984_hash_2_4748_calc-gateway      |   8    |    0     |  0   |    1     |  0   |   0   |  0   |   0    |   0   |   1    |   0    |   0    |
|          tbl_bf_1074096984_hash_3_2258_calc          |   8    |    6     |  10  |    0     |  0   |   0   |  0   |   2    |   1   |   0    |   1    |   0    |
|      tbl_bf_1074096984_hash_3_2258_calc-gateway      |   8    |    0     |  0   |    1     |  0   |   0   |  0   |   0    |   0   |   1    |   0    |   0    |
|          tbl_bf_1074096984_hash_3_4748_calc          |   8    |    6     |  10  |    0     |  0   |   0   |  0   |   2    |   1   |   0    |   1    |   0    |
|      tbl_bf_1074096984_hash_3_4748_calc-gateway      |   8    |    0     |  0   |    1     |  0   |   0   |  0   |   0    |   0   |   1    |   0    |   0    |
|             Ingress.bf_1074096984_row_2              |   9    |    0     |  0   |    0     |  2   |   0   |  2   |   0    |   0   |   0    |   0    |   0    |
|             Ingress.bf_1074096984_row_3              |   9    |    0     |  0   |    0     |  2   |   0   |  2   |   0    |   0   |   0    |   0    |   0    |
|          tbl_bf_1074096984_hash_0_4748_calc          |   9    |    6     |  10  |    0     |  0   |   0   |  0   |   4    |   1   |   0    |   1    |   0    |
|      tbl_bf_1074096984_hash_0_4748_calc-gateway      |   9    |    0     |  0   |    1     |  0   |   0   |  0   |   0    |   0   |   1    |   0    |   0    |
|          tbl_bf_1074096984_hash_1_4748_calc          |   9    |    6     |  10  |    0     |  0   |   0   |  0   |   2    |   1   |   0    |   1    |   0    |
|      tbl_bf_1074096984_hash_1_4748_calc-gateway      |   9    |    0     |  0   |    1     |  0   |   0   |  0   |   0    |   0   |   1    |   0    |   0    |
|     tbl_bf_1074096984_row_2_read_and_set_execute     |   9    |    2     |  10  |    0     |  0   |   0   |  0   |   4    |   1   |   0    |   1    |   0    |
| tbl_bf_1074096984_row_2_read_and_set_execute-gateway |   9    |    0     |  0   |    1     |  0   |   0   |  0   |   0    |   0   |   1    |   0    |   0    |
|      tbl_bf_1074096984_row_2_set_to_one_execute      |   9    |    0     |  0   |    0     |  0   |   0   |  0   |   4    |   1   |   0    |   1    |   0    |
|  tbl_bf_1074096984_row_2_set_to_one_execute-gateway  |   9    |    0     |  0   |    1     |  0   |   0   |  0   |   0    |   0   |   1    |   0    |   0    |
|     tbl_bf_1074096984_row_3_read_and_set_execute     |   9    |    2     |  10  |    0     |  0   |   0   |  0   |   4    |   1   |   0    |   1    |   0    |
| tbl_bf_1074096984_row_3_read_and_set_execute-gateway |   9    |    0     |  0   |    1     |  0   |   0   |  0   |   0    |   0   |   1    |   0    |   0    |
|      tbl_bf_1074096984_row_3_set_to_one_execute      |   9    |    0     |  0   |    0     |  0   |   0   |  0   |   4    |   1   |   0    |   1    |   0    |
|  tbl_bf_1074096984_row_3_set_to_one_execute-gateway  |   9    |    0     |  0   |    1     |  0   |   0   |  0   |   0    |   0   |   1    |   0    |   0    |
|             Ingress.bf_1074096984_row_0              |   10   |    0     |  0   |    0     |  2   |   0   |  2   |   0    |   0   |   0    |   0    |   0    |
|             Ingress.bf_1074096984_row_1              |   10   |    0     |  0   |    0     |  2   |   0   |  2   |   0    |   0   |   0    |   0    |   0    |
|     tbl_bf_1074096984_row_0_read_and_set_execute     |   10   |    2     |  10  |    0     |  0   |   0   |  0   |   4    |   1   |   0    |   1    |   0    |
| tbl_bf_1074096984_row_0_read_and_set_execute-gateway |   10   |    0     |  0   |    1     |  0   |   0   |  0   |   0    |   0   |   1    |   0    |   0    |
|      tbl_bf_1074096984_row_0_set_to_one_execute      |   10   |    0     |  0   |    0     |  0   |   0   |  0   |   4    |   1   |   0    |   1    |   0    |
|  tbl_bf_1074096984_row_0_set_to_one_execute-gateway  |   10   |    0     |  0   |    1     |  0   |   0   |  0   |   0    |   0   |   1    |   0    |   0    |
|     tbl_bf_1074096984_row_1_read_and_set_execute     |   10   |    2     |  10  |    0     |  0   |   0   |  0   |   4    |   1   |   0    |   1    |   0    |
| tbl_bf_1074096984_row_1_read_and_set_execute-gateway |   10   |    0     |  0   |    1     |  0   |   0   |  0   |   0    |   0   |   1    |   0    |   0    |
|      tbl_bf_1074096984_row_1_set_to_one_execute      |   10   |    0     |  0   |    0     |  0   |   0   |  0   |   4    |   1   |   0    |   1    |   0    |
|  tbl_bf_1074096984_row_1_set_to_one_execute-gateway  |   10   |    0     |  0   |    1     |  0   |   0   |  0   |   0    |   0   |   1    |   0    |   0    |
|         tbl_psdf40000c1000000unifhmaxtput776         |   11   |    0     |  0   |    0     |  0   |   0   |  0   |   0    |   1   |   0    |   0    |   1    |
|         tbl_psdf40000c1000000unifhmaxtput777         |   12   |    0     |  0   |    0     |  0   |   0   |  0   |   0    |   1   |   0    |   0    |   1    |
|         tbl_psdf40000c1000000unifhmaxtput778         |   13   |    0     |  0   |    0     |  0   |   0   |  0   |   0    |   1   |   0    |   0    |   1    |
|         Ingress.vector_register_1074079432_0         |   14   |    4     |  0   |    0     |  17  |   0   |  17  |   0    |   0   |   0    |   0    |   0    |
|         tbl_psdf40000c1000000unifhmaxtput779         |   14   |    4     |  23  |    0     |  0   |   0   |  0   |   4    |   1   |   0    |   1    |   0    |
|     tbl_psdf40000c1000000unifhmaxtput779-gateway     |   14   |    0     |  0   |    1     |  0   |   0   |  0   |   0    |   0   |   1    |   0    |   0    |
|         tbl_psdf40000c1000000unifhmaxtput863         |   14   |    0     |  0   |    0     |  0   |   0   |  0   |   4    |   1   |   0    |   1    |   0    |
|     tbl_psdf40000c1000000unifhmaxtput863-gateway     |   14   |    0     |  0   |    1     |  0   |   0   |  0   |   0    |   0   |   1    |   0    |   0    |
|         Ingress.vector_table_1074126776_174          |   15   |    4     |  40  |    0     |  4   |   0   |  0   |   2    |   2   |   1    |   1    |   0    |
|         Ingress.vector_table_1074126776_186          |   15   |    4     |  40  |    0     |  4   |   0   |  0   |   4    |   2   |   1    |   1    |   0    |
|                       cond-24                        |   15   |    4     |  0   |    1     |  0   |   0   |  0   |   0    |   0   |   1    |   0    |   0    |
|                       cond-25                        |   15   |    4     |  0   |    1     |  0   |   0   |  0   |   0    |   0   |   1    |   0    |   0    |
|                  tbl_build_cpu_hdr                   |   15   |    0     |  0   |    0     |  0   |   0   |  0   |   8    |   1   |   0    |   0    |   1    |
|               tbl_build_cpu_hdr$action               |   15   |    0     |  0   |    0     |  1   |   0   |  0   |   0    |   0   |   0    |   0    |   0    |
|         tbl_psdf40000c1000000unifhmaxtput801         |   15   |    0     |  0   |    0     |  0   |   0   |  0   |   0    |   1   |   0    |   0    |   1    |
|         tbl_psdf40000c1000000unifhmaxtput817         |   15   |    0     |  0   |    0     |  0   |   0   |  0   |   0    |   1   |   0    |   0    |   1    |
|         tbl_psdf40000c1000000unifhmaxtput803         |   16   |    0     |  0   |    0     |  0   |   0   |  0   |   0    |   1   |   0    |   0    |   1    |
|         tbl_psdf40000c1000000unifhmaxtput832         |   16   |    0     |  0   |    0     |  0   |   0   |  0   |   0    |   1   |   0    |   0    |   1    |
|                Ingress.forwarding_tbl                |   17   |    7     |  0   |    0     |  1   |   2   |  0   |   6    |   4   |   0    |   0    |   1    |
|            Ingress.forwarding_tbl$action             |   17   |    0     |  0   |    0     |  1   |   0   |  0   |   0    |   0   |   0    |   0    |   0    |
-----------------------------------------------------------------------------------------------------------------------------------------------------------------

