+---------------------------------------------------------------------+
|  Log file: mau.resources.log                                        |
|  Compiler version: 9.13.4                                           |
|  Created on: Wed Feb  4 20:55:52 2026                               |
|  Run ID: df3ab218efc442d4                                           |
+---------------------------------------------------------------------+


---------------------------------------------------------------------------------------------------------------------------------------------------------------------------------------------------------------------------------------------------------------------------------------------------------------------------------------------------------------
| Stage Number | Exact Match Input xbar | Ternary Match Input xbar | Hash Bit | Hash Dist Unit | Gateway | SRAM | Map RAM | TCAM | VLIW Instr | Meter ALU | Stats ALU | Stash | Exact Match Search Bus | Exact Match Result Bus | Tind Result Bus | Action Data Bus Bytes | 8-bit Action Slots | 16-bit Action Slots | 32-bit Action Slots | Logical TableID |
---------------------------------------------------------------------------------------------------------------------------------------------------------------------------------------------------------------------------------------------------------------------------------------------------------------------------------------------------------------
|      0       |           4            |            0             |    40    |       0        |    3    |  4   |    0    |  0   |     3      |     0     |     0     |   0   |           3            |           1            |        2        |           4           |         0          |          0          |          0          |        5        |
|      1       |           5            |            0             |    40    |       0        |    2    |  5   |    0    |  0   |     1      |     0     |     0     |   0   |           2            |           1            |        0        |           5           |         0          |          0          |          0          |        2        |
|      2       |           8            |            0             |    44    |       0        |    1    |  34  |    36   |  0   |     2      |     0     |     0     |   0   |           2            |           1            |        3        |           4           |         0          |          0          |          0          |        3        |
|      3       |           5            |            0             |    15    |       1        |    1    |  0   |    0    |  0   |     1      |     0     |     0     |   0   |           1            |           1            |        1        |           6           |         0          |          0          |          0          |        1        |
|      4       |           8            |            0             |    23    |       1        |    1    |  17  |    17   |  0   |     1      |     1     |     0     |   0   |           1            |           1            |        0        |           1           |         0          |          0          |          0          |        1        |
|      5       |           7            |            0             |    15    |       1        |    2    |  9   |    9    |  0   |     2      |     1     |     0     |   0   |           1            |           2            |        1        |           1           |         0          |          0          |          0          |        2        |
|      6       |           1            |            0             |    0     |       0        |    1    |  0   |    0    |  0   |     1      |     0     |     0     |   0   |           1            |           0            |        1        |           0           |         0          |          0          |          0          |        1        |
|      7       |           9            |            0             |    16    |       1        |    2    |  1   |    0    |  0   |     3      |     0     |     0     |   0   |           2            |           1            |        5        |           8           |         0          |          0          |          0          |        5        |
|      8       |           17           |            0             |    59    |       4        |    4    |  17  |    17   |  0   |     3      |     1     |     0     |   0   |           2            |           4            |        1        |           9           |         0          |          0          |          0          |        5        |
|      9       |           6            |            0             |    30    |       3        |    3    |  0   |    0    |  0   |     3      |     0     |     0     |   0   |           2            |           3            |        0        |           7           |         0          |          0          |          0          |        3        |
|      10      |           8            |            0             |    30    |       3        |    4    |  2   |    2    |  0   |     3      |     1     |     0     |   0   |           2            |           4            |        0        |           9           |         0          |          0          |          0          |        4        |
|      11      |           8            |            0             |    20    |       2        |    3    |  2   |    2    |  0   |     2      |     1     |     0     |   0   |           2            |           3            |        0        |           7           |         0          |          0          |          0          |        3        |
|      12      |           2            |            0             |    10    |       1        |    2    |  2   |    2    |  0   |     1      |     1     |     0     |   0   |           1            |           2            |        0        |           4           |         0          |          0          |          0          |        2        |
|      13      |           2            |            0             |    10    |       1        |    2    |  2   |    2    |  0   |     1      |     1     |     0     |   0   |           1            |           2            |        0        |           4           |         0          |          0          |          0          |        2        |
|      14      |           16           |            0             |    80    |       0        |    2    |  9   |    0    |  0   |     3      |     0     |     0     |   0   |           3            |           2            |        2        |           10          |         0          |          0          |          0          |        4        |
|      15      |           8            |            0             |    80    |       0        |    0    |  8   |    0    |  0   |     3      |     0     |     0     |   0   |           2            |           2            |        3        |           4           |         0          |          0          |          0          |        5        |
|      16      |           0            |            0             |    0     |       0        |    0    |  0   |    0    |  0   |     2      |     0     |     0     |   0   |           0            |           0            |        2        |           0           |         0          |          0          |          0          |        2        |
|      17      |           0            |            7             |    0     |       0        |    0    |  2   |    0    |  2   |     4      |     0     |     0     |   0   |           0            |           0            |        1        |           6           |         0          |          0          |          0          |        1        |
|      18      |           0            |            0             |    0     |       0        |    0    |  0   |    0    |  0   |     0      |     0     |     0     |   0   |           0            |           0            |        0        |           0           |         0          |          0          |          0          |        0        |
|      19      |           0            |            0             |    0     |       0        |    0    |  0   |    0    |  0   |     0      |     0     |     0     |   0   |           0            |           0            |        0        |           0           |         0          |          0          |          0          |        0        |
|              |                        |                          |          |                |         |      |         |      |            |           |           |       |                        |                        |                 |                       |                    |                     |                     |                 |
|    Totals    |          114           |            7             |   512    |       18       |    33   | 114  |    87   |  2   |     39     |     7     |     0     |   0   |           28           |           30           |        22       |           89          |         0          |          0          |          0          |        51       |
---------------------------------------------------------------------------------------------------------------------------------------------------------------------------------------------------------------------------------------------------------------------------------------------------------------------------------------------------------------


------------------------------------------------------------------------------------------------------------------------------------------------------------------------------------------------------------------------------------------------------------------------------------------------------------------------------------------------------------------
| Stage Number | Exact Match Input xbar | Ternary Match Input xbar | Hash Bit | Hash Dist Unit | Gateway |  SRAM  | Map RAM |  TCAM | VLIW Instr | Meter ALU | Stats ALU | Stash | Exact Match Search Bus | Exact Match Result Bus | Tind Result Bus | Action Data Bus Bytes | 8-bit Action Slots | 16-bit Action Slots | 32-bit Action Slots | Logical TableID |
------------------------------------------------------------------------------------------------------------------------------------------------------------------------------------------------------------------------------------------------------------------------------------------------------------------------------------------------------------------
|      0       |         3.12%          |          0.00%           |  9.62%   |     0.00%      |  18.75% | 5.00%  |  0.00%  | 0.00% |   9.38%    |   0.00%   |   0.00%   | 0.00% |         18.75%         |         6.25%          |      12.50%     |         3.12%         |       0.00%        |        0.00%        |        0.00%        |      31.25%     |
|      1       |         3.91%          |          0.00%           |  9.62%   |     0.00%      |  12.50% | 6.25%  |  0.00%  | 0.00% |   3.12%    |   0.00%   |   0.00%   | 0.00% |         12.50%         |         6.25%          |      0.00%      |         3.91%         |       0.00%        |        0.00%        |        0.00%        |      12.50%     |
|      2       |         6.25%          |          0.00%           |  10.58%  |     0.00%      |  6.25%  | 42.50% |  75.00% | 0.00% |   6.25%    |   0.00%   |   0.00%   | 0.00% |         12.50%         |         6.25%          |      18.75%     |         3.12%         |       0.00%        |        0.00%        |        0.00%        |      18.75%     |
|      3       |         3.91%          |          0.00%           |  3.61%   |     16.67%     |  6.25%  | 0.00%  |  0.00%  | 0.00% |   3.12%    |   0.00%   |   0.00%   | 0.00% |         6.25%          |         6.25%          |      6.25%      |         4.69%         |       0.00%        |        0.00%        |        0.00%        |      6.25%      |
|      4       |         6.25%          |          0.00%           |  5.53%   |     16.67%     |  6.25%  | 21.25% |  35.42% | 0.00% |   3.12%    |   25.00%  |   0.00%   | 0.00% |         6.25%          |         6.25%          |      0.00%      |         0.78%         |       0.00%        |        0.00%        |        0.00%        |      6.25%      |
|      5       |         5.47%          |          0.00%           |  3.61%   |     16.67%     |  12.50% | 11.25% |  18.75% | 0.00% |   6.25%    |   25.00%  |   0.00%   | 0.00% |         6.25%          |         12.50%         |      6.25%      |         0.78%         |       0.00%        |        0.00%        |        0.00%        |      12.50%     |
|      6       |         0.78%          |          0.00%           |  0.00%   |     0.00%      |  6.25%  | 0.00%  |  0.00%  | 0.00% |   3.12%    |   0.00%   |   0.00%   | 0.00% |         6.25%          |         0.00%          |      6.25%      |         0.00%         |       0.00%        |        0.00%        |        0.00%        |      6.25%      |
|      7       |         7.03%          |          0.00%           |  3.85%   |     16.67%     |  12.50% | 1.25%  |  0.00%  | 0.00% |   9.38%    |   0.00%   |   0.00%   | 0.00% |         12.50%         |         6.25%          |      31.25%     |         6.25%         |       0.00%        |        0.00%        |        0.00%        |      31.25%     |
|      8       |         13.28%         |          0.00%           |  14.18%  |     66.67%     |  25.00% | 21.25% |  35.42% | 0.00% |   9.38%    |   25.00%  |   0.00%   | 0.00% |         12.50%         |         25.00%         |      6.25%      |         7.03%         |       0.00%        |        0.00%        |        0.00%        |      31.25%     |
|      9       |         4.69%          |          0.00%           |  7.21%   |     50.00%     |  18.75% | 0.00%  |  0.00%  | 0.00% |   9.38%    |   0.00%   |   0.00%   | 0.00% |         12.50%         |         18.75%         |      0.00%      |         5.47%         |       0.00%        |        0.00%        |        0.00%        |      18.75%     |
|      10      |         6.25%          |          0.00%           |  7.21%   |     50.00%     |  25.00% | 2.50%  |  4.17%  | 0.00% |   9.38%    |   25.00%  |   0.00%   | 0.00% |         12.50%         |         25.00%         |      0.00%      |         7.03%         |       0.00%        |        0.00%        |        0.00%        |      25.00%     |
|      11      |         6.25%          |          0.00%           |  4.81%   |     33.33%     |  18.75% | 2.50%  |  4.17%  | 0.00% |   6.25%    |   25.00%  |   0.00%   | 0.00% |         12.50%         |         18.75%         |      0.00%      |         5.47%         |       0.00%        |        0.00%        |        0.00%        |      18.75%     |
|      12      |         1.56%          |          0.00%           |  2.40%   |     16.67%     |  12.50% | 2.50%  |  4.17%  | 0.00% |   3.12%    |   25.00%  |   0.00%   | 0.00% |         6.25%          |         12.50%         |      0.00%      |         3.12%         |       0.00%        |        0.00%        |        0.00%        |      12.50%     |
|      13      |         1.56%          |          0.00%           |  2.40%   |     16.67%     |  12.50% | 2.50%  |  4.17%  | 0.00% |   3.12%    |   25.00%  |   0.00%   | 0.00% |         6.25%          |         12.50%         |      0.00%      |         3.12%         |       0.00%        |        0.00%        |        0.00%        |      12.50%     |
|      14      |         12.50%         |          0.00%           |  19.23%  |     0.00%      |  12.50% | 11.25% |  0.00%  | 0.00% |   9.38%    |   0.00%   |   0.00%   | 0.00% |         18.75%         |         12.50%         |      12.50%     |         7.81%         |       0.00%        |        0.00%        |        0.00%        |      25.00%     |
|      15      |         6.25%          |          0.00%           |  19.23%  |     0.00%      |  0.00%  | 10.00% |  0.00%  | 0.00% |   9.38%    |   0.00%   |   0.00%   | 0.00% |         12.50%         |         12.50%         |      18.75%     |         3.12%         |       0.00%        |        0.00%        |        0.00%        |      31.25%     |
|      16      |         0.00%          |          0.00%           |  0.00%   |     0.00%      |  0.00%  | 0.00%  |  0.00%  | 0.00% |   6.25%    |   0.00%   |   0.00%   | 0.00% |         0.00%          |         0.00%          |      12.50%     |         0.00%         |       0.00%        |        0.00%        |        0.00%        |      12.50%     |
|      17      |         0.00%          |          10.61%          |  0.00%   |     0.00%      |  0.00%  | 2.50%  |  0.00%  | 8.33% |   12.50%   |   0.00%   |   0.00%   | 0.00% |         0.00%          |         0.00%          |      6.25%      |         4.69%         |       0.00%        |        0.00%        |        0.00%        |      6.25%      |
|      18      |         0.00%          |          0.00%           |  0.00%   |     0.00%      |  0.00%  | 0.00%  |  0.00%  | 0.00% |   0.00%    |   0.00%   |   0.00%   | 0.00% |         0.00%          |         0.00%          |      0.00%      |         0.00%         |       0.00%        |        0.00%        |        0.00%        |      0.00%      |
|      19      |         0.00%          |          0.00%           |  0.00%   |     0.00%      |  0.00%  | 0.00%  |  0.00%  | 0.00% |   0.00%    |   0.00%   |   0.00%   | 0.00% |         0.00%          |         0.00%          |      0.00%      |         0.00%         |       0.00%        |        0.00%        |        0.00%        |      0.00%      |
|              |                        |                          |          |                |         |        |         |       |            |           |           |       |                        |                        |                 |                       |                    |                     |                     |                 |
|   Average    |         4.95%          |          0.59%           |  6.84%   |     16.67%     |  11.46% | 7.92%  |  10.07% | 0.46% |   6.77%    |   9.72%   |   0.00%   | 0.00% |         9.72%          |         10.42%         |      7.64%      |         3.86%         |       0.00%        |        0.00%        |        0.00%        |      17.71%     |
------------------------------------------------------------------------------------------------------------------------------------------------------------------------------------------------------------------------------------------------------------------------------------------------------------------------------------------------------------------


Allocated Resource Usage
-----------------------------------------------------------------------------------------------------------------------------------------------------------------
|                        Table                         | Stage  | Crossbar | Hash | Gateways | RAMs | TCAMs | Map  | Action |  VLIW |  Exm   |  Exm   |  Tind  |
|                         Name                         | Number |  Bytes   | Bits |          |      |       | RAMs |  Data  | Slots | Search | Result | Result |
|                                                      |        |          |      |          |      |       |      |  Bus   |       |  Bus   |  Bus   |  Bus   |
|                                                      |        |          |      |          |      |       |      | Bytes  |       |        |        |        |
-----------------------------------------------------------------------------------------------------------------------------------------------------------------
|             IngressParser.$PORT_METADATA             |   -1   |    0     |  0   |    0     |  0   |   0   |  0   |   0    |   0   |   0    |   0    |   0    |
|            Ingress.ingress_port_to_nf_dev            |   0    |    2     |  40  |    0     |  4   |   0   |  0   |   4    |   3   |   1    |   1    |   0    |
|                       cond-14                        |   0    |    2     |  0   |    1     |  0   |   0   |  0   |   0    |   0   |   1    |   0    |   0    |
|                       cond-15                        |   0    |    1     |  0   |    1     |  0   |   0   |  0   |   0    |   0   |   1    |   0    |   0    |
|                       cond-16                        |   0    |    1     |  0   |    1     |  0   |   0   |  0   |   0    |   0   |   1    |   0    |   0    |
|       tbl_psdf40000c1000000zipf1_2hmaxtput710        |   0    |    0     |  0   |    0     |  0   |   0   |  0   |   0    |   1   |   0    |   0    |   1    |
|       tbl_psdf40000c1000000zipf1_2hmaxtput909        |   0    |    0     |  0   |    0     |  0   |   0   |  0   |   0    |   1   |   0    |   0    |   1    |
|         Ingress.vector_table_1074109560_142          |   1    |    4     |  40  |    0     |  4   |   0   |  0   |   5    |   2   |   1    |   1    |   0    |
|      Ingress.vector_table_1074109560_142$action      |   1    |    0     |  0   |    0     |  1   |   0   |  0   |   0    |   0   |   0    |   0    |   0    |
|                       cond-17                        |   1    |    1     |  0   |    1     |  0   |   0   |  0   |   0    |   0   |   1    |   0    |   0    |
|                       cond-18                        |   1    |    1     |  0   |    1     |  0   |   0   |  0   |   0    |   0   |   1    |   0    |   0    |
|         Ingress.fcfs_ct_1074048392_table_145         |   2    |    4     |  44  |    0     |  16  |   0   |  36  |   4    |   2   |   1    |   1    |   0    |
|     Ingress.fcfs_ct_1074048392_table_145$action      |   2    |    0     |  0   |    0     |  18  |   0   |  0   |   0    |   0   |   0    |   0    |   0    |
|                       cond-19                        |   2    |    4     |  0   |    1     |  0   |   0   |  0   |   0    |   0   |   1    |   0    |   1    |
|                       tbl_act                        |   2    |    0     |  0   |    0     |  0   |   0   |  0   |   0    |   1   |   0    |   0    |   1    |
|       tbl_psdf40000c1000000zipf1_2hmaxtput748        |   2    |    0     |  0   |    0     |  0   |   0   |  0   |   0    |   1   |   0    |   0    |   1    |
|                       cond-20                        |   3    |    1     |  0   |    1     |  0   |   0   |  0   |   0    |   0   |   1    |   0    |   1    |
|         tbl_fcfs_ct_1074048392_hash_145_calc         |   3    |    4     |  15  |    0     |  0   |   0   |  0   |   6    |   1   |   0    |   1    |   0    |
|       Ingress.fcfs_ct_1074048392_reg_liveness        |   4    |    4     |  0   |    0     |  17  |   0   |  17  |   0    |   0   |   0    |   0    |   0    |
|       tbl_psdf40000c1000000zipf1_2hmaxtput753        |   4    |    4     |  23  |    0     |  0   |   0   |  0   |   1    |   1   |   0    |   1    |   0    |
|   tbl_psdf40000c1000000zipf1_2hmaxtput753-gateway    |   4    |    0     |  0   |    1     |  0   |   0   |  0   |   0    |   0   |   1    |   0    |   0    |
|         Ingress.fcfs_ct_1074048392_reg_key_0         |   5    |    4     |  0   |    0     |  9   |   0   |  9   |   0    |   0   |   0    |   0    |   0    |
|                       cond-21                        |   5    |    1     |  0   |    1     |  0   |   0   |  0   |   0    |   0   |   1    |   0    |   1    |
|           tbl_fcfs_ct_1074048392_check_key           |   5    |    2     |  15  |    0     |  0   |   0   |  0   |   1    |   1   |   0    |   1    |   0    |
|       tbl_psdf40000c1000000zipf1_2hmaxtput760        |   5    |    0     |  0   |    0     |  0   |   0   |  0   |   1    |   1   |   0    |   1    |   0    |
|   tbl_psdf40000c1000000zipf1_2hmaxtput760-gateway    |   5    |    0     |  0   |    1     |  0   |   0   |  0   |   0    |   0   |   1    |   0    |   0    |
|                       cond-22                        |   6    |    1     |  0   |    1     |  0   |   0   |  0   |   0    |   0   |   1    |   0    |   0    |
|       tbl_psdf40000c1000000zipf1_2hmaxtput757        |   6    |    0     |  0   |    0     |  0   |   0   |  0   |   0    |   1   |   0    |   0    |   1    |
|                       cond-23                        |   7    |    1     |  0   |    1     |  0   |   0   |  0   |   0    |   0   |   1    |   0    |   1    |
|                       cond-26                        |   7    |    4     |  0   |    1     |  0   |   0   |  0   |   0    |   0   |   1    |   0    |   0    |
|                 tbl_build_cpu_hdr_0                  |   7    |    0     |  0   |    0     |  0   |   0   |  0   |   6    |   1   |   0    |   0    |   1    |
|              tbl_build_cpu_hdr_0$action              |   7    |    0     |  0   |    0     |  1   |   0   |  0   |   0    |   0   |   0    |   0    |   0    |
|       tbl_psdf40000c1000000zipf1_2hmaxtput771        |   7    |    4     |  16  |    0     |  0   |   0   |  0   |   2    |   1   |   0    |   1    |   0    |
|       tbl_psdf40000c1000000zipf1_2hmaxtput847        |   7    |    0     |  0   |    0     |  0   |   0   |  0   |   0    |   1   |   0    |   0    |   1    |
|       tbl_psdf40000c1000000zipf1_2hmaxtput859        |   7    |    0     |  0   |    0     |  0   |   0   |  0   |   0    |   1   |   0    |   0    |   1    |
|       tbl_psdf40000c1000000zipf1_2hmaxtput877        |   7    |    0     |  0   |    0     |  0   |   0   |  0   |   0    |   1   |   0    |   0    |   1    |
|         Ingress.vector_register_1074079432_0         |   8    |    4     |  0   |    0     |  17  |   0   |  17  |   0    |   0   |   0    |   0    |   0    |
|          tbl_bf_1074096984_hash_0_3228_calc          |   8    |    6     |  10  |    0     |  0   |   0   |  0   |   2    |   1   |   0    |   1    |   0    |
|      tbl_bf_1074096984_hash_0_3228_calc-gateway      |   8    |    0     |  0   |    1     |  0   |   0   |  0   |   0    |   0   |   1    |   0    |   0    |
|          tbl_bf_1074096984_hash_3_3228_calc          |   8    |    6     |  10  |    0     |  0   |   0   |  0   |   3    |   1   |   0    |   1    |   0    |
|      tbl_bf_1074096984_hash_3_3228_calc-gateway      |   8    |    0     |  0   |    1     |  0   |   0   |  0   |   0    |   0   |   1    |   0    |   0    |
|       tbl_psdf40000c1000000zipf1_2hmaxtput771        |   8    |    2     |  16  |    0     |  0   |   0   |  0   |   4    |   1   |   0    |   1    |   0    |
|   tbl_psdf40000c1000000zipf1_2hmaxtput771-gateway    |   8    |    1     |  0   |    1     |  0   |   0   |  0   |   0    |   0   |   1    |   0    |   0    |
|       tbl_psdf40000c1000000zipf1_2hmaxtput860        |   8    |    4     |  23  |    0     |  0   |   0   |  0   |   4    |   1   |   0    |   1    |   0    |
|   tbl_psdf40000c1000000zipf1_2hmaxtput860-gateway    |   8    |    0     |  0   |    1     |  0   |   0   |  0   |   0    |   0   |   1    |   0    |   0    |
|       tbl_psdf40000c1000000zipf1_2hmaxtput875        |   8    |    0     |  0   |    0     |  0   |   0   |  0   |   0    |   1   |   0    |   0    |   1    |
|          tbl_bf_1074096984_hash_0_1698_calc          |   9    |    6     |  10  |    0     |  0   |   0   |  0   |   2    |   1   |   0    |   1    |   0    |
|      tbl_bf_1074096984_hash_0_1698_calc-gateway      |   9    |    0     |  0   |    1     |  0   |   0   |  0   |   0    |   0   |   1    |   0    |   0    |
|          tbl_bf_1074096984_hash_1_1698_calc          |   9    |    6     |  10  |    0     |  0   |   0   |  0   |   2    |   1   |   0    |   1    |   0    |
|      tbl_bf_1074096984_hash_1_1698_calc-gateway      |   9    |    0     |  0   |    1     |  0   |   0   |  0   |   0    |   0   |   1    |   0    |   0    |
|          tbl_bf_1074096984_hash_2_3228_calc          |   9    |    6     |  10  |    0     |  0   |   0   |  0   |   3    |   1   |   0    |   1    |   0    |
|      tbl_bf_1074096984_hash_2_3228_calc-gateway      |   9    |    0     |  0   |    1     |  0   |   0   |  0   |   0    |   0   |   1    |   0    |   0    |
|             Ingress.bf_1074096984_row_0              |   10   |    0     |  0   |    0     |  2   |   0   |  2   |   0    |   0   |   0    |   0    |   0    |
|          tbl_bf_1074096984_hash_1_3228_calc          |   10   |    6     |  10  |    0     |  0   |   0   |  0   |   2    |   1   |   0    |   1    |   0    |
|      tbl_bf_1074096984_hash_1_3228_calc-gateway      |   10   |    0     |  0   |    1     |  0   |   0   |  0   |   0    |   0   |   1    |   0    |   0    |
|          tbl_bf_1074096984_hash_2_1698_calc          |   10   |    6     |  10  |    0     |  0   |   0   |  0   |   3    |   1   |   0    |   1    |   0    |
|      tbl_bf_1074096984_hash_2_1698_calc-gateway      |   10   |    0     |  0   |    1     |  0   |   0   |  0   |   0    |   0   |   1    |   0    |   0    |
|     tbl_bf_1074096984_row_0_read_and_set_execute     |   10   |    2     |  10  |    0     |  0   |   0   |  0   |   4    |   1   |   0    |   1    |   0    |
| tbl_bf_1074096984_row_0_read_and_set_execute-gateway |   10   |    0     |  0   |    1     |  0   |   0   |  0   |   0    |   0   |   1    |   0    |   0    |
|      tbl_bf_1074096984_row_0_set_to_one_execute      |   10   |    0     |  0   |    0     |  0   |   0   |  0   |   4    |   1   |   0    |   1    |   0    |
|  tbl_bf_1074096984_row_0_set_to_one_execute-gateway  |   10   |    0     |  0   |    1     |  0   |   0   |  0   |   0    |   0   |   1    |   0    |   0    |
|             Ingress.bf_1074096984_row_1              |   11   |    0     |  0   |    0     |  2   |   0   |  2   |   0    |   0   |   0    |   0    |   0    |
|          tbl_bf_1074096984_hash_3_1698_calc          |   11   |    6     |  10  |    0     |  0   |   0   |  0   |   3    |   1   |   0    |   1    |   0    |
|      tbl_bf_1074096984_hash_3_1698_calc-gateway      |   11   |    0     |  0   |    1     |  0   |   0   |  0   |   0    |   0   |   1    |   0    |   0    |
|     tbl_bf_1074096984_row_1_read_and_set_execute     |   11   |    2     |  10  |    0     |  0   |   0   |  0   |   4    |   1   |   0    |   1    |   0    |
| tbl_bf_1074096984_row_1_read_and_set_execute-gateway |   11   |    0     |  0   |    1     |  0   |   0   |  0   |   0    |   0   |   1    |   0    |   0    |
|      tbl_bf_1074096984_row_1_set_to_one_execute      |   11   |    0     |  0   |    0     |  0   |   0   |  0   |   4    |   1   |   0    |   1    |   0    |
|  tbl_bf_1074096984_row_1_set_to_one_execute-gateway  |   11   |    0     |  0   |    1     |  0   |   0   |  0   |   0    |   0   |   1    |   0    |   0    |
|             Ingress.bf_1074096984_row_2              |   12   |    0     |  0   |    0     |  2   |   0   |  2   |   0    |   0   |   0    |   0    |   0    |
|     tbl_bf_1074096984_row_2_read_and_set_execute     |   12   |    2     |  10  |    0     |  0   |   0   |  0   |   4    |   1   |   0    |   1    |   0    |
| tbl_bf_1074096984_row_2_read_and_set_execute-gateway |   12   |    0     |  0   |    1     |  0   |   0   |  0   |   0    |   0   |   1    |   0    |   0    |
|      tbl_bf_1074096984_row_2_set_to_one_execute      |   12   |    0     |  0   |    0     |  0   |   0   |  0   |   4    |   1   |   0    |   1    |   0    |
|  tbl_bf_1074096984_row_2_set_to_one_execute-gateway  |   12   |    0     |  0   |    1     |  0   |   0   |  0   |   0    |   0   |   1    |   0    |   0    |
|             Ingress.bf_1074096984_row_3              |   13   |    0     |  0   |    0     |  2   |   0   |  2   |   0    |   0   |   0    |   0    |   0    |
|     tbl_bf_1074096984_row_3_read_and_set_execute     |   13   |    2     |  10  |    0     |  0   |   0   |  0   |   4    |   1   |   0    |   1    |   0    |
| tbl_bf_1074096984_row_3_read_and_set_execute-gateway |   13   |    0     |  0   |    1     |  0   |   0   |  0   |   0    |   0   |   1    |   0    |   0    |
|      tbl_bf_1074096984_row_3_set_to_one_execute      |   13   |    0     |  0   |    0     |  0   |   0   |  0   |   4    |   1   |   0    |   1    |   0    |
|  tbl_bf_1074096984_row_3_set_to_one_execute-gateway  |   13   |    0     |  0   |    1     |  0   |   0   |  0   |   0    |   0   |   1    |   0    |   0    |
|         Ingress.vector_table_1074126776_174          |   14   |    4     |  40  |    0     |  4   |   0   |  0   |   2    |   2   |   1    |   1    |   0    |
|         Ingress.vector_table_1074126776_186          |   14   |    4     |  40  |    0     |  4   |   0   |  0   |   2    |   2   |   1    |   1    |   0    |
|                       cond-24                        |   14   |    4     |  0   |    1     |  0   |   0   |  0   |   0    |   0   |   1    |   0    |   0    |
|                       cond-25                        |   14   |    4     |  0   |    1     |  0   |   0   |  0   |   0    |   0   |   1    |   0    |   0    |
|                  tbl_build_cpu_hdr                   |   14   |    0     |  0   |    0     |  0   |   0   |  0   |   6    |   1   |   0    |   0    |   1    |
|               tbl_build_cpu_hdr$action               |   14   |    0     |  0   |    0     |  1   |   0   |  0   |   0    |   0   |   0    |   0    |   0    |
|       tbl_psdf40000c1000000zipf1_2hmaxtput818        |   14   |    0     |  0   |    0     |  0   |   0   |  0   |   0    |   1   |   0    |   0    |   1    |
|         Ingress.vector_table_1074126776_161          |   15   |    4     |  40  |    0     |  4   |   0   |  0   |   2    |   2   |   1    |   1    |   0    |
|         Ingress.vector_table_1074126776_192          |   15   |    4     |  40  |    0     |  4   |   0   |  0   |   2    |   2   |   1    |   1    |   0    |
|       tbl_psdf40000c1000000zipf1_2hmaxtput805        |   15   |    0     |  0   |    0     |  0   |   0   |  0   |   0    |   1   |   0    |   0    |   1    |
|       tbl_psdf40000c1000000zipf1_2hmaxtput807        |   15   |    0     |  0   |    0     |  0   |   0   |  0   |   0    |   1   |   0    |   0    |   1    |
|       tbl_psdf40000c1000000zipf1_2hmaxtput833        |   15   |    0     |  0   |    0     |  0   |   0   |  0   |   0    |   1   |   0    |   0    |   1    |
|       tbl_psdf40000c1000000zipf1_2hmaxtput869        |   16   |    0     |  0   |    0     |  0   |   0   |  0   |   0    |   1   |   0    |   0    |   1    |
|       tbl_psdf40000c1000000zipf1_2hmaxtput892        |   16   |    0     |  0   |    0     |  0   |   0   |  0   |   0    |   1   |   0    |   0    |   1    |
|                Ingress.forwarding_tbl                |   17   |    7     |  0   |    0     |  1   |   2   |  0   |   6    |   4   |   0    |   0    |   1    |
|            Ingress.forwarding_tbl$action             |   17   |    0     |  0   |    0     |  1   |   0   |  0   |   0    |   0   |   0    |   0    |   0    |
-----------------------------------------------------------------------------------------------------------------------------------------------------------------

