+---------------------------------------------------------------------+
|  Log file: mau.resources.log                                        |
|  Compiler version: 9.13.4                                           |
|  Created on: Thu Sep 10 06:49:02 2026                               |
|  Run ID: 5a732c8848984f14                                           |
+---------------------------------------------------------------------+


---------------------------------------------------------------------------------------------------------------------------------------------------------------------------------------------------------------------------------------------------------------------------------------------------------------------------------------------------------------
| Stage Number | Exact Match Input xbar | Ternary Match Input xbar | Hash Bit | Hash Dist Unit | Gateway | SRAM | Map RAM | TCAM | VLIW Instr | Meter ALU | Stats ALU | Stash | Exact Match Search Bus | Exact Match Result Bus | Tind Result Bus | Action Data Bus Bytes | 8-bit Action Slots | 16-bit Action Slots | 32-bit Action Slots | Logical TableID |
---------------------------------------------------------------------------------------------------------------------------------------------------------------------------------------------------------------------------------------------------------------------------------------------------------------------------------------------------------------
|      0       |           12           |            0             |    84    |       0        |    7    |  38  |    36   |  0   |     5      |     0     |     0     |   0   |           9            |           2            |        7        |           8           |         0          |          0          |          0          |        12       |
|      1       |           18           |            0             |    90    |       4        |    4    |  4   |    0    |  0   |     3      |     0     |     0     |   0   |           3            |           5            |        0        |           20          |         0          |          0          |          0          |        5        |
|      2       |           24           |            0             |    98    |       4        |    5    |  21  |    17   |  0   |     4      |     1     |     0     |   0   |           3            |           5            |        1        |           8           |         0          |          0          |          0          |        6        |
|      3       |           9            |            0             |    30    |       2        |    2    |  9   |    9    |  0   |     3      |     1     |     0     |   0   |           2            |           2            |        4        |           1           |         0          |          0          |          0          |        4        |
|      4       |           5            |            0             |    0     |       0        |    2    |  0   |    0    |  0   |     3      |     0     |     0     |   0   |           2            |           0            |        5        |           4           |         0          |          0          |          0          |        5        |
|      5       |           18           |            0             |    66    |       4        |    4    |  17  |    17   |  0   |     3      |     1     |     0     |   0   |           2            |           4            |        2        |           9           |         0          |          0          |          0          |        6        |
|      6       |           6            |            0             |    20    |       2        |    2    |  0   |    0    |  0   |     2      |     0     |     0     |   0   |           1            |           2            |        0        |           4           |         0          |          0          |          0          |        2        |
|      7       |           2            |            0             |    10    |       1        |    2    |  2   |    2    |  0   |     1      |     1     |     0     |   0   |           1            |           2            |        0        |           4           |         0          |          0          |          0          |        2        |
|      8       |           2            |            0             |    10    |       1        |    2    |  2   |    2    |  0   |     1      |     1     |     0     |   0   |           1            |           2            |        0        |           4           |         0          |          0          |          0          |        2        |
|      9       |           2            |            0             |    10    |       1        |    2    |  2   |    2    |  0   |     1      |     1     |     0     |   0   |           1            |           2            |        0        |           4           |         0          |          0          |          0          |        2        |
|      10      |           2            |            0             |    10    |       1        |    2    |  2   |    2    |  0   |     1      |     1     |     0     |   0   |           1            |           2            |        0        |           4           |         0          |          0          |          0          |        2        |
|      11      |           20           |            0             |   112    |       2        |    3    |  8   |    0    |  0   |     4      |     0     |     0     |   0   |           3            |           3            |        3        |           12          |         0          |          0          |          0          |        6        |
|      12      |           4            |            0             |    40    |       0        |    0    |  4   |    0    |  0   |     3      |     0     |     0     |   0   |           1            |           1            |        3        |           2           |         0          |          0          |          0          |        4        |
|      13      |           0            |            0             |    0     |       0        |    0    |  0   |    0    |  0   |     1      |     0     |     0     |   0   |           0            |           0            |        1        |           0           |         0          |          0          |          0          |        1        |
|      14      |           0            |            7             |    0     |       0        |    0    |  2   |    0    |  2   |     4      |     0     |     0     |   0   |           0            |           0            |        1        |           6           |         0          |          0          |          0          |        1        |
|      15      |           0            |            0             |    0     |       0        |    0    |  0   |    0    |  0   |     0      |     0     |     0     |   0   |           0            |           0            |        0        |           0           |         0          |          0          |          0          |        0        |
|      16      |           0            |            0             |    0     |       0        |    0    |  0   |    0    |  0   |     0      |     0     |     0     |   0   |           0            |           0            |        0        |           0           |         0          |          0          |          0          |        0        |
|      17      |           0            |            0             |    0     |       0        |    0    |  0   |    0    |  0   |     0      |     0     |     0     |   0   |           0            |           0            |        0        |           0           |         0          |          0          |          0          |        0        |
|      18      |           0            |            0             |    0     |       0        |    0    |  0   |    0    |  0   |     0      |     0     |     0     |   0   |           0            |           0            |        0        |           0           |         0          |          0          |          0          |        0        |
|      19      |           0            |            0             |    0     |       0        |    0    |  0   |    0    |  0   |     0      |     0     |     0     |   0   |           0            |           0            |        0        |           0           |         0          |          0          |          0          |        0        |
|              |                        |                          |          |                |         |      |         |      |            |           |           |       |                        |                        |                 |                       |                    |                     |                     |                 |
|    Totals    |          124           |            7             |   580    |       22       |    37   | 111  |    87   |  2   |     39     |     7     |     0     |   0   |           30           |           32           |        27       |           90          |         0          |          0          |          0          |        60       |
---------------------------------------------------------------------------------------------------------------------------------------------------------------------------------------------------------------------------------------------------------------------------------------------------------------------------------------------------------------


------------------------------------------------------------------------------------------------------------------------------------------------------------------------------------------------------------------------------------------------------------------------------------------------------------------------------------------------------------------
| Stage Number | Exact Match Input xbar | Ternary Match Input xbar | Hash Bit | Hash Dist Unit | Gateway |  SRAM  | Map RAM |  TCAM | VLIW Instr | Meter ALU | Stats ALU | Stash | Exact Match Search Bus | Exact Match Result Bus | Tind Result Bus | Action Data Bus Bytes | 8-bit Action Slots | 16-bit Action Slots | 32-bit Action Slots | Logical TableID |
------------------------------------------------------------------------------------------------------------------------------------------------------------------------------------------------------------------------------------------------------------------------------------------------------------------------------------------------------------------
|      0       |         9.38%          |          0.00%           |  20.19%  |     0.00%      |  43.75% | 47.50% |  75.00% | 0.00% |   15.62%   |   0.00%   |   0.00%   | 0.00% |         56.25%         |         12.50%         |      43.75%     |         6.25%         |       0.00%        |        0.00%        |        0.00%        |      75.00%     |
|      1       |         14.06%         |          0.00%           |  21.63%  |     66.67%     |  25.00% | 5.00%  |  0.00%  | 0.00% |   9.38%    |   0.00%   |   0.00%   | 0.00% |         18.75%         |         31.25%         |      0.00%      |         15.62%        |       0.00%        |        0.00%        |        0.00%        |      31.25%     |
|      2       |         18.75%         |          0.00%           |  23.56%  |     66.67%     |  31.25% | 26.25% |  35.42% | 0.00% |   12.50%   |   25.00%  |   0.00%   | 0.00% |         18.75%         |         31.25%         |      6.25%      |         6.25%         |       0.00%        |        0.00%        |        0.00%        |      37.50%     |
|      3       |         7.03%          |          0.00%           |  7.21%   |     33.33%     |  12.50% | 11.25% |  18.75% | 0.00% |   9.38%    |   25.00%  |   0.00%   | 0.00% |         12.50%         |         12.50%         |      25.00%     |         0.78%         |       0.00%        |        0.00%        |        0.00%        |      25.00%     |
|      4       |         3.91%          |          0.00%           |  0.00%   |     0.00%      |  12.50% | 0.00%  |  0.00%  | 0.00% |   9.38%    |   0.00%   |   0.00%   | 0.00% |         12.50%         |         0.00%          |      31.25%     |         3.12%         |       0.00%        |        0.00%        |        0.00%        |      31.25%     |
|      5       |         14.06%         |          0.00%           |  15.87%  |     66.67%     |  25.00% | 21.25% |  35.42% | 0.00% |   9.38%    |   25.00%  |   0.00%   | 0.00% |         12.50%         |         25.00%         |      12.50%     |         7.03%         |       0.00%        |        0.00%        |        0.00%        |      37.50%     |
|      6       |         4.69%          |          0.00%           |  4.81%   |     33.33%     |  12.50% | 0.00%  |  0.00%  | 0.00% |   6.25%    |   0.00%   |   0.00%   | 0.00% |         6.25%          |         12.50%         |      0.00%      |         3.12%         |       0.00%        |        0.00%        |        0.00%        |      12.50%     |
|      7       |         1.56%          |          0.00%           |  2.40%   |     16.67%     |  12.50% | 2.50%  |  4.17%  | 0.00% |   3.12%    |   25.00%  |   0.00%   | 0.00% |         6.25%          |         12.50%         |      0.00%      |         3.12%         |       0.00%        |        0.00%        |        0.00%        |      12.50%     |
|      8       |         1.56%          |          0.00%           |  2.40%   |     16.67%     |  12.50% | 2.50%  |  4.17%  | 0.00% |   3.12%    |   25.00%  |   0.00%   | 0.00% |         6.25%          |         12.50%         |      0.00%      |         3.12%         |       0.00%        |        0.00%        |        0.00%        |      12.50%     |
|      9       |         1.56%          |          0.00%           |  2.40%   |     16.67%     |  12.50% | 2.50%  |  4.17%  | 0.00% |   3.12%    |   25.00%  |   0.00%   | 0.00% |         6.25%          |         12.50%         |      0.00%      |         3.12%         |       0.00%        |        0.00%        |        0.00%        |      12.50%     |
|      10      |         1.56%          |          0.00%           |  2.40%   |     16.67%     |  12.50% | 2.50%  |  4.17%  | 0.00% |   3.12%    |   25.00%  |   0.00%   | 0.00% |         6.25%          |         12.50%         |      0.00%      |         3.12%         |       0.00%        |        0.00%        |        0.00%        |      12.50%     |
|      11      |         15.62%         |          0.00%           |  26.92%  |     33.33%     |  18.75% | 10.00% |  0.00%  | 0.00% |   12.50%   |   0.00%   |   0.00%   | 0.00% |         18.75%         |         18.75%         |      18.75%     |         9.38%         |       0.00%        |        0.00%        |        0.00%        |      37.50%     |
|      12      |         3.12%          |          0.00%           |  9.62%   |     0.00%      |  0.00%  | 5.00%  |  0.00%  | 0.00% |   9.38%    |   0.00%   |   0.00%   | 0.00% |         6.25%          |         6.25%          |      18.75%     |         1.56%         |       0.00%        |        0.00%        |        0.00%        |      25.00%     |
|      13      |         0.00%          |          0.00%           |  0.00%   |     0.00%      |  0.00%  | 0.00%  |  0.00%  | 0.00% |   3.12%    |   0.00%   |   0.00%   | 0.00% |         0.00%          |         0.00%          |      6.25%      |         0.00%         |       0.00%        |        0.00%        |        0.00%        |      6.25%      |
|      14      |         0.00%          |          10.61%          |  0.00%   |     0.00%      |  0.00%  | 2.50%  |  0.00%  | 8.33% |   12.50%   |   0.00%   |   0.00%   | 0.00% |         0.00%          |         0.00%          |      6.25%      |         4.69%         |       0.00%        |        0.00%        |        0.00%        |      6.25%      |
|      15      |         0.00%          |          0.00%           |  0.00%   |     0.00%      |  0.00%  | 0.00%  |  0.00%  | 0.00% |   0.00%    |   0.00%   |   0.00%   | 0.00% |         0.00%          |         0.00%          |      0.00%      |         0.00%         |       0.00%        |        0.00%        |        0.00%        |      0.00%      |
|      16      |         0.00%          |          0.00%           |  0.00%   |     0.00%      |  0.00%  | 0.00%  |  0.00%  | 0.00% |   0.00%    |   0.00%   |   0.00%   | 0.00% |         0.00%          |         0.00%          |      0.00%      |         0.00%         |       0.00%        |        0.00%        |        0.00%        |      0.00%      |
|      17      |         0.00%          |          0.00%           |  0.00%   |     0.00%      |  0.00%  | 0.00%  |  0.00%  | 0.00% |   0.00%    |   0.00%   |   0.00%   | 0.00% |         0.00%          |         0.00%          |      0.00%      |         0.00%         |       0.00%        |        0.00%        |        0.00%        |      0.00%      |
|      18      |         0.00%          |          0.00%           |  0.00%   |     0.00%      |  0.00%  | 0.00%  |  0.00%  | 0.00% |   0.00%    |   0.00%   |   0.00%   | 0.00% |         0.00%          |         0.00%          |      0.00%      |         0.00%         |       0.00%        |        0.00%        |        0.00%        |      0.00%      |
|      19      |         0.00%          |          0.00%           |  0.00%   |     0.00%      |  0.00%  | 0.00%  |  0.00%  | 0.00% |   0.00%    |   0.00%   |   0.00%   | 0.00% |         0.00%          |         0.00%          |      0.00%      |         0.00%         |       0.00%        |        0.00%        |        0.00%        |      0.00%      |
|              |                        |                          |          |                |         |        |         |       |            |           |           |       |                        |                        |                 |                       |                    |                     |                     |                 |
|   Average    |         6.46%          |          0.71%           |  9.29%   |     24.44%     |  15.42% | 9.25%  |  12.08% | 0.56% |   8.12%    |   11.67%  |   0.00%   | 0.00% |         12.50%         |         13.33%         |      11.25%     |         4.69%         |       0.00%        |        0.00%        |        0.00%        |      25.00%     |
------------------------------------------------------------------------------------------------------------------------------------------------------------------------------------------------------------------------------------------------------------------------------------------------------------------------------------------------------------------


Allocated Resource Usage
-------------------------------------------------------------------------------------------------------------------------------------------------------------------
|                         Table                          | Stage  | Crossbar | Hash | Gateways | RAMs | TCAMs | Map  | Action |  VLIW |  Exm   |  Exm   |  Tind  |
|                          Name                          | Number |  Bytes   | Bits |          |      |       | RAMs |  Data  | Slots | Search | Result | Result |
|                                                        |        |          |      |          |      |       |      |  Bus   |       |  Bus   |  Bus   |  Bus   |
|                                                        |        |          |      |          |      |       |      | Bytes  |       |        |        |        |
-------------------------------------------------------------------------------------------------------------------------------------------------------------------
|              IngressParser.$PORT_METADATA              |   -1   |    0     |  0   |    0     |  0   |   0   |  0   |   0    |   0   |   0    |   0    |   0    |
|          Ingress.fcfs_ct_1074048392_table_145          |   0    |    4     |  44  |    0     |  16  |   0   |  36  |   4    |   2   |   1    |   1    |   0    |
|      Ingress.fcfs_ct_1074048392_table_145$action       |   0    |    0     |  0   |    0     |  18  |   0   |  0   |   0    |   0   |   0    |   0    |   0    |
|             Ingress.ingress_port_to_nf_dev             |   0    |    2     |  40  |    0     |  4   |   0   |  0   |   4    |   3   |   1    |   1    |   0    |
|                        cond-15                         |   0    |    2     |  0   |    1     |  0   |   0   |  0   |   0    |   0   |   1    |   0    |   0    |
|                        cond-16                         |   0    |    1     |  0   |    1     |  0   |   0   |  0   |   0    |   0   |   1    |   0    |   0    |
|                        cond-17                         |   0    |    2     |  0   |    1     |  0   |   0   |  0   |   0    |   0   |   1    |   0    |   0    |
|                        cond-18                         |   0    |    1     |  0   |    1     |  0   |   0   |  0   |   0    |   0   |   1    |   0    |   0    |
|                        cond-23                         |   0    |    1     |  0   |    1     |  0   |   0   |  0   |   0    |   0   |   1    |   0    |   0    |
|                        cond-24                         |   0    |    1     |  0   |    1     |  0   |   0   |  0   |   0    |   0   |   1    |   0    |   0    |
|                        cond-25                         |   0    |    1     |  0   |    1     |  0   |   0   |  0   |   0    |   0   |   1    |   0    |   1    |
|                        tbl_act                         |   0    |    0     |  0   |    0     |  0   |   0   |  0   |   0    |   1   |   0    |   0    |   1    |
|         tbl_psdf40000c100000zipf0_4hmaxtput765         |   0    |    0     |  0   |    0     |  0   |   0   |  0   |   0    |   1   |   0    |   0    |   1    |
|         tbl_psdf40000c100000zipf0_4hmaxtput775         |   0    |    0     |  0   |    0     |  0   |   0   |  0   |   0    |   1   |   0    |   0    |   1    |
|         tbl_psdf40000c100000zipf0_4hmaxtput836         |   0    |    0     |  0   |    0     |  0   |   0   |  0   |   0    |   1   |   0    |   0    |   1    |
|         tbl_psdf40000c100000zipf0_4hmaxtput926         |   0    |    0     |  0   |    0     |  0   |   0   |  0   |   0    |   1   |   0    |   0    |   1    |
|         tbl_psdf40000c100000zipf0_4hmaxtput977         |   0    |    0     |  0   |    0     |  0   |   0   |  0   |   0    |   1   |   0    |   0    |   1    |
|          Ingress.vector_table_1074109560_142           |   1    |    4     |  40  |    0     |  4   |   0   |  0   |   4    |   2   |   1    |   1    |   0    |
|           tbl_bf_1074096984_hash_0_1487_calc           |   1    |    6     |  10  |    0     |  0   |   0   |  0   |   2    |   1   |   0    |   1    |   0    |
|       tbl_bf_1074096984_hash_0_1487_calc-gateway       |   1    |    0     |  0   |    1     |  0   |   0   |  0   |   0    |   0   |   1    |   0    |   0    |
|           tbl_bf_1074096984_hash_2_1487_calc           |   1    |    6     |  10  |    0     |  0   |   0   |  0   |   2    |   1   |   0    |   1    |   0    |
|       tbl_bf_1074096984_hash_2_1487_calc-gateway       |   1    |    0     |  0   |    1     |  0   |   0   |  0   |   0    |   0   |   1    |   0    |   0    |
|          tbl_fcfs_ct_1074048392_hash_145_calc          |   1    |    4     |  15  |    0     |  0   |   0   |  0   |   6    |   1   |   0    |   1    |   0    |
|      tbl_fcfs_ct_1074048392_hash_145_calc-gateway      |   1    |    0     |  0   |    1     |  0   |   0   |  0   |   0    |   0   |   1    |   0    |   0    |
|          tbl_fcfs_ct_1074048392_hash_147_calc          |   1    |    4     |  15  |    0     |  0   |   0   |  0   |   6    |   1   |   0    |   1    |   0    |
|      tbl_fcfs_ct_1074048392_hash_147_calc-gateway      |   1    |    0     |  0   |    1     |  0   |   0   |  0   |   0    |   0   |   1    |   0    |   0    |
|        Ingress.fcfs_ct_1074048392_reg_liveness         |   2    |    4     |  0   |    0     |  17  |   0   |  17  |   0    |   0   |   0    |   0    |   0    |
|          Ingress.vector_table_1074126776_192           |   2    |    4     |  40  |    0     |  4   |   0   |  0   |   2    |   2   |   1    |   1    |   0    |
|                        cond-28                         |   2    |    4     |  0   |    1     |  0   |   0   |  0   |   0    |   0   |   1    |   0    |   0    |
|           tbl_bf_1074096984_hash_1_1487_calc           |   2    |    6     |  10  |    0     |  0   |   0   |  0   |   2    |   1   |   0    |   1    |   0    |
|       tbl_bf_1074096984_hash_1_1487_calc-gateway       |   2    |    0     |  0   |    1     |  0   |   0   |  0   |   0    |   0   |   1    |   0    |   0    |
|           tbl_bf_1074096984_hash_3_1487_calc           |   2    |    6     |  10  |    0     |  0   |   0   |  0   |   3    |   1   |   0    |   1    |   0    |
|       tbl_bf_1074096984_hash_3_1487_calc-gateway       |   2    |    0     |  0   |    1     |  0   |   0   |  0   |   0    |   0   |   1    |   0    |   0    |
|                  tbl_build_recirc_hdr                  |   2    |    0     |  0   |    0     |  0   |   0   |  0   |   0    |   1   |   0    |   0    |   1    |
|         tbl_psdf40000c100000zipf0_4hmaxtput778         |   2    |    2     |  15  |    0     |  0   |   0   |  0   |   1    |   1   |   0    |   1    |   0    |
|     tbl_psdf40000c100000zipf0_4hmaxtput778-gateway     |   2    |    0     |  0   |    1     |  0   |   0   |  0   |   0    |   0   |   1    |   0    |   0    |
|         tbl_psdf40000c100000zipf0_4hmaxtput929         |   2    |    4     |  23  |    0     |  0   |   0   |  0   |   1    |   1   |   0    |   1    |   0    |
|     tbl_psdf40000c100000zipf0_4hmaxtput929-gateway     |   2    |    0     |  0   |    1     |  0   |   0   |  0   |   0    |   0   |   1    |   0    |   0    |
|          Ingress.fcfs_ct_1074048392_reg_key_0          |   3    |    4     |  0   |    0     |  9   |   0   |  9   |   0    |   0   |   0    |   0    |   0    |
|                        cond-21                         |   3    |    1     |  0   |    1     |  0   |   0   |  0   |   0    |   0   |   1    |   0    |   1    |
|                        cond-26                         |   3    |    2     |  0   |    1     |  0   |   0   |  0   |   0    |   0   |   1    |   0    |   1    |
|            tbl_fcfs_ct_1074048392_check_key            |   3    |    2     |  15  |    0     |  0   |   0   |  0   |   1    |   1   |   0    |   1    |   0    |
|         tbl_psdf40000c100000zipf0_4hmaxtput780         |   3    |    2     |  15  |    0     |  0   |   0   |  0   |   1    |   1   |   0    |   1    |   0    |
|         tbl_psdf40000c100000zipf0_4hmaxtput945         |   3    |    0     |  0   |    0     |  0   |   0   |  0   |   0    |   1   |   0    |   0    |   1    |
|         tbl_psdf40000c100000zipf0_4hmaxtput960         |   3    |    0     |  0   |    0     |  0   |   0   |  0   |   0    |   1   |   0    |   0    |   1    |
|                        cond-22                         |   4    |    4     |  0   |    1     |  0   |   0   |  0   |   0    |   0   |   1    |   0    |   0    |
|                        cond-27                         |   4    |    1     |  0   |    1     |  0   |   0   |  0   |   0    |   0   |   1    |   0    |   0    |
|                  tbl_build_cpu_hdr_0                   |   4    |    0     |  0   |    0     |  0   |   0   |  0   |   4    |   1   |   0    |   0    |   1    |
|         tbl_psdf40000c100000zipf0_4hmaxtput792         |   4    |    0     |  0   |    0     |  0   |   0   |  0   |   0    |   1   |   0    |   0    |   1    |
|         tbl_psdf40000c100000zipf0_4hmaxtput803         |   4    |    0     |  0   |    0     |  0   |   0   |  0   |   0    |   1   |   0    |   0    |   1    |
|         tbl_psdf40000c100000zipf0_4hmaxtput823         |   4    |    0     |  0   |    0     |  0   |   0   |  0   |   0    |   1   |   0    |   0    |   1    |
|         tbl_psdf40000c100000zipf0_4hmaxtput933         |   4    |    0     |  0   |    0     |  0   |   0   |  0   |   0    |   1   |   0    |   0    |   1    |
|          Ingress.vector_register_1074079432_0          |   5    |    4     |  0   |    0     |  17  |   0   |  17  |   0    |   0   |   0    |   0    |   0    |
|           tbl_bf_1074096984_hash_1_3616_calc           |   5    |    6     |  10  |    0     |  0   |   0   |  0   |   2    |   1   |   0    |   1    |   0    |
|       tbl_bf_1074096984_hash_1_3616_calc-gateway       |   5    |    0     |  0   |    1     |  0   |   0   |  0   |   0    |   0   |   1    |   0    |   0    |
|           tbl_bf_1074096984_hash_3_3616_calc           |   5    |    6     |  10  |    0     |  0   |   0   |  0   |   3    |   1   |   0    |   1    |   0    |
|       tbl_bf_1074096984_hash_3_3616_calc-gateway       |   5    |    0     |  0   |    1     |  0   |   0   |  0   |   0    |   0   |   1    |   0    |   0    |
|         tbl_psdf40000c100000zipf0_4hmaxtput821         |   5    |    0     |  0   |    0     |  0   |   0   |  0   |   0    |   1   |   0    |   0    |   1    |
|         tbl_psdf40000c100000zipf0_4hmaxtput947         |   5    |    0     |  0   |    0     |  0   |   0   |  0   |   0    |   1   |   0    |   0    |   1    |
|     tbl_regexec_vector_register_1074079432_0_read      |   5    |    4     |  23  |    0     |  0   |   0   |  0   |   4    |   1   |   0    |   1    |   0    |
| tbl_regexec_vector_register_1074079432_0_read-gateway  |   5    |    0     |  0   |    1     |  0   |   0   |  0   |   0    |   0   |   1    |   0    |   0    |
|     tbl_regexec_vector_register_1074079432_0_write     |   5    |    4     |  23  |    0     |  0   |   0   |  0   |   4    |   1   |   0    |   1    |   0    |
| tbl_regexec_vector_register_1074079432_0_write-gateway |   5    |    0     |  0   |    1     |  0   |   0   |  0   |   0    |   0   |   1    |   0    |   0    |
|           tbl_bf_1074096984_hash_0_3616_calc           |   6    |    6     |  10  |    0     |  0   |   0   |  0   |   2    |   1   |   0    |   1    |   0    |
|       tbl_bf_1074096984_hash_0_3616_calc-gateway       |   6    |    0     |  0   |    1     |  0   |   0   |  0   |   0    |   0   |   1    |   0    |   0    |
|           tbl_bf_1074096984_hash_2_3616_calc           |   6    |    6     |  10  |    0     |  0   |   0   |  0   |   2    |   1   |   0    |   1    |   0    |
|       tbl_bf_1074096984_hash_2_3616_calc-gateway       |   6    |    0     |  0   |    1     |  0   |   0   |  0   |   0    |   0   |   1    |   0    |   0    |
|              Ingress.bf_1074096984_row_0               |   7    |    0     |  0   |    0     |  2   |   0   |  2   |   0    |   0   |   0    |   0    |   0    |
|      tbl_bf_1074096984_row_0_read_and_set_execute      |   7    |    2     |  10  |    0     |  0   |   0   |  0   |   4    |   1   |   0    |   1    |   0    |
|  tbl_bf_1074096984_row_0_read_and_set_execute-gateway  |   7    |    0     |  0   |    1     |  0   |   0   |  0   |   0    |   0   |   1    |   0    |   0    |
|       tbl_bf_1074096984_row_0_set_to_one_execute       |   7    |    0     |  0   |    0     |  0   |   0   |  0   |   4    |   1   |   0    |   1    |   0    |
|   tbl_bf_1074096984_row_0_set_to_one_execute-gateway   |   7    |    0     |  0   |    1     |  0   |   0   |  0   |   0    |   0   |   1    |   0    |   0    |
|              Ingress.bf_1074096984_row_1               |   8    |    0     |  0   |    0     |  2   |   0   |  2   |   0    |   0   |   0    |   0    |   0    |
|      tbl_bf_1074096984_row_1_read_and_set_execute      |   8    |    2     |  10  |    0     |  0   |   0   |  0   |   4    |   1   |   0    |   1    |   0    |
|  tbl_bf_1074096984_row_1_read_and_set_execute-gateway  |   8    |    0     |  0   |    1     |  0   |   0   |  0   |   0    |   0   |   1    |   0    |   0    |
|       tbl_bf_1074096984_row_1_set_to_one_execute       |   8    |    0     |  0   |    0     |  0   |   0   |  0   |   4    |   1   |   0    |   1    |   0    |
|   tbl_bf_1074096984_row_1_set_to_one_execute-gateway   |   8    |    0     |  0   |    1     |  0   |   0   |  0   |   0    |   0   |   1    |   0    |   0    |
|              Ingress.bf_1074096984_row_2               |   9    |    0     |  0   |    0     |  2   |   0   |  2   |   0    |   0   |   0    |   0    |   0    |
|      tbl_bf_1074096984_row_2_read_and_set_execute      |   9    |    2     |  10  |    0     |  0   |   0   |  0   |   4    |   1   |   0    |   1    |   0    |
|  tbl_bf_1074096984_row_2_read_and_set_execute-gateway  |   9    |    0     |  0   |    1     |  0   |   0   |  0   |   0    |   0   |   1    |   0    |   0    |
|       tbl_bf_1074096984_row_2_set_to_one_execute       |   9    |    0     |  0   |    0     |  0   |   0   |  0   |   4    |   1   |   0    |   1    |   0    |
|   tbl_bf_1074096984_row_2_set_to_one_execute-gateway   |   9    |    0     |  0   |    1     |  0   |   0   |  0   |   0    |   0   |   1    |   0    |   0    |
|              Ingress.bf_1074096984_row_3               |   10   |    0     |  0   |    0     |  2   |   0   |  2   |   0    |   0   |   0    |   0    |   0    |
|      tbl_bf_1074096984_row_3_read_and_set_execute      |   10   |    2     |  10  |    0     |  0   |   0   |  0   |   4    |   1   |   0    |   1    |   0    |
|  tbl_bf_1074096984_row_3_read_and_set_execute-gateway  |   10   |    0     |  0   |    1     |  0   |   0   |  0   |   0    |   0   |   1    |   0    |   0    |
|       tbl_bf_1074096984_row_3_set_to_one_execute       |   10   |    0     |  0   |    0     |  0   |   0   |  0   |   4    |   1   |   0    |   1    |   0    |
|   tbl_bf_1074096984_row_3_set_to_one_execute-gateway   |   10   |    0     |  0   |    1     |  0   |   0   |  0   |   0    |   0   |   1    |   0    |   0    |
|          Ingress.vector_table_1074126776_174           |   11   |    4     |  40  |    0     |  4   |   0   |  0   |   2    |   2   |   1    |   1    |   0    |
|          Ingress.vector_table_1074126776_186           |   11   |    4     |  40  |    0     |  4   |   0   |  0   |   2    |   2   |   1    |   1    |   0    |
|                        cond-19                         |   11   |    4     |  0   |    1     |  0   |   0   |  0   |   0    |   0   |   1    |   0    |   0    |
|                        cond-20                         |   11   |    4     |  0   |    1     |  0   |   0   |  0   |   0    |   0   |   1    |   0    |   0    |
|                   tbl_build_cpu_hdr                    |   11   |    0     |  0   |    0     |  0   |   0   |  0   |   4    |   1   |   0    |   0    |   1    |
|         tbl_psdf40000c100000zipf0_4hmaxtput867         |   11   |    0     |  0   |    0     |  0   |   0   |  0   |   0    |   1   |   0    |   0    |   1    |
|         tbl_psdf40000c100000zipf0_4hmaxtput868         |   11   |    8     |  32  |    0     |  0   |   0   |  0   |   4    |   1   |   0    |   1    |   0    |
|     tbl_psdf40000c100000zipf0_4hmaxtput868-gateway     |   11   |    0     |  0   |    1     |  0   |   0   |  0   |   0    |   0   |   1    |   0    |   0    |
|         tbl_psdf40000c100000zipf0_4hmaxtput878         |   11   |    0     |  0   |    0     |  0   |   0   |  0   |   0    |   1   |   0    |   0    |   1    |
|          Ingress.vector_table_1074126776_161           |   12   |    4     |  40  |    0     |  4   |   0   |  0   |   2    |   2   |   1    |   1    |   0    |
|         tbl_psdf40000c100000zipf0_4hmaxtput865         |   12   |    0     |  0   |    0     |  0   |   0   |  0   |   0    |   1   |   0    |   0    |   1    |
|         tbl_psdf40000c100000zipf0_4hmaxtput869         |   12   |    0     |  0   |    0     |  0   |   0   |  0   |   0    |   1   |   0    |   0    |   1    |
|         tbl_psdf40000c100000zipf0_4hmaxtput893         |   12   |    0     |  0   |    0     |  0   |   0   |  0   |   0    |   1   |   0    |   0    |   1    |
|         tbl_psdf40000c100000zipf0_4hmaxtput815         |   13   |    0     |  0   |    0     |  0   |   0   |  0   |   0    |   1   |   0    |   0    |   1    |
|                 Ingress.forwarding_tbl                 |   14   |    7     |  0   |    0     |  1   |   2   |  0   |   6    |   4   |   0    |   0    |   1    |
|             Ingress.forwarding_tbl$action              |   14   |    0     |  0   |    0     |  1   |   0   |  0   |   0    |   0   |   0    |   0    |   0    |
-------------------------------------------------------------------------------------------------------------------------------------------------------------------

