+---------------------------------------------------------------------+
|  Log file: mau.resources.log                                        |
|  Compiler version: 9.13.4                                           |
|  Created on: Thu Sep 10 06:48:57 2026                               |
|  Run ID: af7e0105936a4aec                                           |
+---------------------------------------------------------------------+


---------------------------------------------------------------------------------------------------------------------------------------------------------------------------------------------------------------------------------------------------------------------------------------------------------------------------------------------------------------
| Stage Number | Exact Match Input xbar | Ternary Match Input xbar | Hash Bit | Hash Dist Unit | Gateway | SRAM | Map RAM | TCAM | VLIW Instr | Meter ALU | Stats ALU | Stash | Exact Match Search Bus | Exact Match Result Bus | Tind Result Bus | Action Data Bus Bytes | 8-bit Action Slots | 16-bit Action Slots | 32-bit Action Slots | Logical TableID |
---------------------------------------------------------------------------------------------------------------------------------------------------------------------------------------------------------------------------------------------------------------------------------------------------------------------------------------------------------------
|      0       |           11           |            0             |    84    |       0        |    6    |  38  |    36   |  0   |     5      |     0     |     0     |   0   |           7            |           2            |        5        |           9           |         0          |          0          |          0          |        9        |
|      1       |           8            |            0             |    66    |       2        |    2    |  4   |    0    |  0   |     3      |     0     |     0     |   0   |           2            |           3            |        1        |           13          |         0          |          0          |          0          |        4        |
|      2       |           18           |            0             |    76    |       2        |    3    |  21  |    17   |  0   |     2      |     1     |     0     |   0   |           2            |           3            |        0        |           4           |         0          |          0          |          0          |        3        |
|      3       |           8            |            0             |    26    |       2        |    2    |  3   |    3    |  0   |     2      |     1     |     0     |   0   |           2            |           2            |        3        |           1           |         0          |          0          |          0          |        3        |
|      4       |           5            |            0             |    0     |       0        |    2    |  0   |    0    |  0   |     3      |     0     |     0     |   0   |           2            |           0            |        5        |           4           |         0          |          0          |          0          |        5        |
|      5       |           7            |            0             |    20    |       2        |    3    |  0   |    0    |  0   |     4      |     0     |     0     |   0   |           2            |           2            |        4        |           6           |         0          |          0          |          0          |        6        |
|      6       |           15           |            0             |    76    |       5        |    5    |  17  |    17   |  0   |     3      |     1     |     0     |   0   |           3            |           5            |        1        |           12          |         0          |          0          |          0          |        6        |
|      7       |           8            |            0             |    30    |       3        |    4    |  2   |    2    |  0   |     3      |     1     |     0     |   0   |           2            |           4            |        0        |           6           |         0          |          0          |          0          |        4        |
|      8       |           8            |            0             |    20    |       2        |    3    |  2   |    2    |  0   |     2      |     1     |     0     |   0   |           2            |           3            |        0        |           4           |         0          |          0          |          0          |        3        |
|      9       |           2            |            0             |    10    |       1        |    2    |  2   |    2    |  0   |     1      |     1     |     0     |   0   |           1            |           2            |        0        |           1           |         0          |          0          |          0          |        2        |
|      10      |           2            |            0             |    10    |       1        |    2    |  2   |    2    |  0   |     1      |     1     |     0     |   0   |           1            |           2            |        0        |           1           |         0          |          0          |          0          |        2        |
|      11      |           8            |            0             |    32    |       2        |    3    |  0   |    0    |  0   |     3      |     0     |     0     |   0   |           3            |           1            |        3        |           8           |         0          |          0          |          0          |        5        |
|      12      |           8            |            0             |    80    |       0        |    0    |  8   |    0    |  0   |     2      |     0     |     0     |   0   |           2            |           2            |        1        |           4           |         0          |          0          |          0          |        3        |
|      13      |           0            |            0             |    0     |       0        |    0    |  0   |    0    |  0   |     2      |     0     |     0     |   0   |           0            |           0            |        2        |           0           |         0          |          0          |          0          |        2        |
|      14      |           0            |            7             |    0     |       0        |    0    |  2   |    0    |  2   |     4      |     0     |     0     |   0   |           0            |           0            |        1        |           6           |         0          |          0          |          0          |        1        |
|      15      |           0            |            0             |    0     |       0        |    0    |  0   |    0    |  0   |     0      |     0     |     0     |   0   |           0            |           0            |        0        |           0           |         0          |          0          |          0          |        0        |
|      16      |           0            |            0             |    0     |       0        |    0    |  0   |    0    |  0   |     0      |     0     |     0     |   0   |           0            |           0            |        0        |           0           |         0          |          0          |          0          |        0        |
|      17      |           0            |            0             |    0     |       0        |    0    |  0   |    0    |  0   |     0      |     0     |     0     |   0   |           0            |           0            |        0        |           0           |         0          |          0          |          0          |        0        |
|      18      |           0            |            0             |    0     |       0        |    0    |  0   |    0    |  0   |     0      |     0     |     0     |   0   |           0            |           0            |        0        |           0           |         0          |          0          |          0          |        0        |
|      19      |           0            |            0             |    0     |       0        |    0    |  0   |    0    |  0   |     0      |     0     |     0     |   0   |           0            |           0            |        0        |           0           |         0          |          0          |          0          |        0        |
|              |                        |                          |          |                |         |      |         |      |            |           |           |       |                        |                        |                 |                       |                    |                     |                     |                 |
|    Totals    |          108           |            7             |   530    |       22       |    37   | 101  |    81   |  2   |     40     |     7     |     0     |   0   |           31           |           31           |        26       |           79          |         0          |          0          |          0          |        58       |
---------------------------------------------------------------------------------------------------------------------------------------------------------------------------------------------------------------------------------------------------------------------------------------------------------------------------------------------------------------


------------------------------------------------------------------------------------------------------------------------------------------------------------------------------------------------------------------------------------------------------------------------------------------------------------------------------------------------------------------
| Stage Number | Exact Match Input xbar | Ternary Match Input xbar | Hash Bit | Hash Dist Unit | Gateway |  SRAM  | Map RAM |  TCAM | VLIW Instr | Meter ALU | Stats ALU | Stash | Exact Match Search Bus | Exact Match Result Bus | Tind Result Bus | Action Data Bus Bytes | 8-bit Action Slots | 16-bit Action Slots | 32-bit Action Slots | Logical TableID |
------------------------------------------------------------------------------------------------------------------------------------------------------------------------------------------------------------------------------------------------------------------------------------------------------------------------------------------------------------------
|      0       |         8.59%          |          0.00%           |  20.19%  |     0.00%      |  37.50% | 47.50% |  75.00% | 0.00% |   15.62%   |   0.00%   |   0.00%   | 0.00% |         43.75%         |         12.50%         |      31.25%     |         7.03%         |       0.00%        |        0.00%        |        0.00%        |      56.25%     |
|      1       |         6.25%          |          0.00%           |  15.87%  |     33.33%     |  12.50% | 5.00%  |  0.00%  | 0.00% |   9.38%    |   0.00%   |   0.00%   | 0.00% |         12.50%         |         18.75%         |      6.25%      |         10.16%        |       0.00%        |        0.00%        |        0.00%        |      25.00%     |
|      2       |         14.06%         |          0.00%           |  18.27%  |     33.33%     |  18.75% | 26.25% |  35.42% | 0.00% |   6.25%    |   25.00%  |   0.00%   | 0.00% |         12.50%         |         18.75%         |      0.00%      |         3.12%         |       0.00%        |        0.00%        |        0.00%        |      18.75%     |
|      3       |         6.25%          |          0.00%           |  6.25%   |     33.33%     |  12.50% | 3.75%  |  6.25%  | 0.00% |   6.25%    |   25.00%  |   0.00%   | 0.00% |         12.50%         |         12.50%         |      18.75%     |         0.78%         |       0.00%        |        0.00%        |        0.00%        |      18.75%     |
|      4       |         3.91%          |          0.00%           |  0.00%   |     0.00%      |  12.50% | 0.00%  |  0.00%  | 0.00% |   9.38%    |   0.00%   |   0.00%   | 0.00% |         12.50%         |         0.00%          |      31.25%     |         3.12%         |       0.00%        |        0.00%        |        0.00%        |      31.25%     |
|      5       |         5.47%          |          0.00%           |  4.81%   |     33.33%     |  18.75% | 0.00%  |  0.00%  | 0.00% |   12.50%   |   0.00%   |   0.00%   | 0.00% |         12.50%         |         12.50%         |      25.00%     |         4.69%         |       0.00%        |        0.00%        |        0.00%        |      37.50%     |
|      6       |         11.72%         |          0.00%           |  18.27%  |     83.33%     |  31.25% | 21.25% |  35.42% | 0.00% |   9.38%    |   25.00%  |   0.00%   | 0.00% |         18.75%         |         31.25%         |      6.25%      |         9.38%         |       0.00%        |        0.00%        |        0.00%        |      37.50%     |
|      7       |         6.25%          |          0.00%           |  7.21%   |     50.00%     |  25.00% | 2.50%  |  4.17%  | 0.00% |   9.38%    |   25.00%  |   0.00%   | 0.00% |         12.50%         |         25.00%         |      0.00%      |         4.69%         |       0.00%        |        0.00%        |        0.00%        |      25.00%     |
|      8       |         6.25%          |          0.00%           |  4.81%   |     33.33%     |  18.75% | 2.50%  |  4.17%  | 0.00% |   6.25%    |   25.00%  |   0.00%   | 0.00% |         12.50%         |         18.75%         |      0.00%      |         3.12%         |       0.00%        |        0.00%        |        0.00%        |      18.75%     |
|      9       |         1.56%          |          0.00%           |  2.40%   |     16.67%     |  12.50% | 2.50%  |  4.17%  | 0.00% |   3.12%    |   25.00%  |   0.00%   | 0.00% |         6.25%          |         12.50%         |      0.00%      |         0.78%         |       0.00%        |        0.00%        |        0.00%        |      12.50%     |
|      10      |         1.56%          |          0.00%           |  2.40%   |     16.67%     |  12.50% | 2.50%  |  4.17%  | 0.00% |   3.12%    |   25.00%  |   0.00%   | 0.00% |         6.25%          |         12.50%         |      0.00%      |         0.78%         |       0.00%        |        0.00%        |        0.00%        |      12.50%     |
|      11      |         6.25%          |          0.00%           |  7.69%   |     33.33%     |  18.75% | 0.00%  |  0.00%  | 0.00% |   9.38%    |   0.00%   |   0.00%   | 0.00% |         18.75%         |         6.25%          |      18.75%     |         6.25%         |       0.00%        |        0.00%        |        0.00%        |      31.25%     |
|      12      |         6.25%          |          0.00%           |  19.23%  |     0.00%      |  0.00%  | 10.00% |  0.00%  | 0.00% |   6.25%    |   0.00%   |   0.00%   | 0.00% |         12.50%         |         12.50%         |      6.25%      |         3.12%         |       0.00%        |        0.00%        |        0.00%        |      18.75%     |
|      13      |         0.00%          |          0.00%           |  0.00%   |     0.00%      |  0.00%  | 0.00%  |  0.00%  | 0.00% |   6.25%    |   0.00%   |   0.00%   | 0.00% |         0.00%          |         0.00%          |      12.50%     |         0.00%         |       0.00%        |        0.00%        |        0.00%        |      12.50%     |
|      14      |         0.00%          |          10.61%          |  0.00%   |     0.00%      |  0.00%  | 2.50%  |  0.00%  | 8.33% |   12.50%   |   0.00%   |   0.00%   | 0.00% |         0.00%          |         0.00%          |      6.25%      |         4.69%         |       0.00%        |        0.00%        |        0.00%        |      6.25%      |
|      15      |         0.00%          |          0.00%           |  0.00%   |     0.00%      |  0.00%  | 0.00%  |  0.00%  | 0.00% |   0.00%    |   0.00%   |   0.00%   | 0.00% |         0.00%          |         0.00%          |      0.00%      |         0.00%         |       0.00%        |        0.00%        |        0.00%        |      0.00%      |
|      16      |         0.00%          |          0.00%           |  0.00%   |     0.00%      |  0.00%  | 0.00%  |  0.00%  | 0.00% |   0.00%    |   0.00%   |   0.00%   | 0.00% |         0.00%          |         0.00%          |      0.00%      |         0.00%         |       0.00%        |        0.00%        |        0.00%        |      0.00%      |
|      17      |         0.00%          |          0.00%           |  0.00%   |     0.00%      |  0.00%  | 0.00%  |  0.00%  | 0.00% |   0.00%    |   0.00%   |   0.00%   | 0.00% |         0.00%          |         0.00%          |      0.00%      |         0.00%         |       0.00%        |        0.00%        |        0.00%        |      0.00%      |
|      18      |         0.00%          |          0.00%           |  0.00%   |     0.00%      |  0.00%  | 0.00%  |  0.00%  | 0.00% |   0.00%    |   0.00%   |   0.00%   | 0.00% |         0.00%          |         0.00%          |      0.00%      |         0.00%         |       0.00%        |        0.00%        |        0.00%        |      0.00%      |
|      19      |         0.00%          |          0.00%           |  0.00%   |     0.00%      |  0.00%  | 0.00%  |  0.00%  | 0.00% |   0.00%    |   0.00%   |   0.00%   | 0.00% |         0.00%          |         0.00%          |      0.00%      |         0.00%         |       0.00%        |        0.00%        |        0.00%        |      0.00%      |
|              |                        |                          |          |                |         |        |         |       |            |           |           |       |                        |                        |                 |                       |                    |                     |                     |                 |
|   Average    |         5.62%          |          0.71%           |  8.49%   |     24.44%     |  15.42% | 8.42%  |  11.25% | 0.56% |   8.33%    |   11.67%  |   0.00%   | 0.00% |         12.92%         |         12.92%         |      10.83%     |         4.11%         |       0.00%        |        0.00%        |        0.00%        |      24.17%     |
------------------------------------------------------------------------------------------------------------------------------------------------------------------------------------------------------------------------------------------------------------------------------------------------------------------------------------------------------------------


Allocated Resource Usage
-------------------------------------------------------------------------------------------------------------------------------------------------------------------
|                         Table                          | Stage  | Crossbar | Hash | Gateways | RAMs | TCAMs | Map  | Action |  VLIW |  Exm   |  Exm   |  Tind  |
|                          Name                          | Number |  Bytes   | Bits |          |      |       | RAMs |  Data  | Slots | Search | Result | Result |
|                                                        |        |          |      |          |      |       |      |  Bus   |       |  Bus   |  Bus   |  Bus   |
|                                                        |        |          |      |          |      |       |      | Bytes  |       |        |        |        |
-------------------------------------------------------------------------------------------------------------------------------------------------------------------
|              IngressParser.$PORT_METADATA              |   -1   |    0     |  0   |    0     |  0   |   0   |  0   |   0    |   0   |   0    |   0    |   0    |
|          Ingress.fcfs_ct_1074048392_table_145          |   0    |    4     |  44  |    0     |  16  |   0   |  36  |   5    |   2   |   1    |   1    |   0    |
|      Ingress.fcfs_ct_1074048392_table_145$action       |   0    |    0     |  0   |    0     |  18  |   0   |  0   |   0    |   0   |   0    |   0    |   0    |
|             Ingress.ingress_port_to_nf_dev             |   0    |    2     |  40  |    0     |  4   |   0   |  0   |   4    |   3   |   1    |   1    |   0    |
|                        cond-15                         |   0    |    2     |  0   |    1     |  0   |   0   |  0   |   0    |   0   |   1    |   0    |   0    |
|                        cond-16                         |   0    |    1     |  0   |    1     |  0   |   0   |  0   |   0    |   0   |   1    |   0    |   0    |
|                        cond-17                         |   0    |    2     |  0   |    1     |  0   |   0   |  0   |   0    |   0   |   1    |   0    |   0    |
|                        cond-20                         |   0    |    1     |  0   |    1     |  0   |   0   |  0   |   0    |   0   |   1    |   0    |   0    |
|                        cond-21                         |   0    |    1     |  0   |    1     |  0   |   0   |  0   |   0    |   0   |   1    |   0    |   0    |
|                        cond-22                         |   0    |    1     |  0   |    1     |  0   |   0   |  0   |   0    |   0   |   1    |   0    |   1    |
|                        tbl_act                         |   0    |    0     |  0   |    0     |  0   |   0   |  0   |   0    |   1   |   0    |   0    |   1    |
|         tbl_psdf40000c10000zipf0_4hmaxtput747          |   0    |    0     |  0   |    0     |  0   |   0   |  0   |   0    |   1   |   0    |   0    |   1    |
|         tbl_psdf40000c10000zipf0_4hmaxtput752          |   0    |    0     |  0   |    0     |  0   |   0   |  0   |   0    |   1   |   0    |   0    |   1    |
|         tbl_psdf40000c10000zipf0_4hmaxtput833          |   0    |    0     |  0   |    0     |  0   |   0   |  0   |   0    |   1   |   0    |   0    |   1    |
|          Ingress.vector_table_1074109560_142           |   1    |    4     |  40  |    0     |  4   |   0   |  0   |   4    |   2   |   1    |   1    |   0    |
|          tbl_fcfs_ct_1074048392_hash_145_calc          |   1    |    4     |  13  |    0     |  0   |   0   |  0   |   6    |   1   |   0    |   1    |   0    |
|      tbl_fcfs_ct_1074048392_hash_145_calc-gateway      |   1    |    0     |  0   |    1     |  0   |   0   |  0   |   0    |   0   |   1    |   0    |   0    |
|          tbl_fcfs_ct_1074048392_hash_147_calc          |   1    |    4     |  13  |    0     |  0   |   0   |  0   |   3    |   1   |   0    |   1    |   0    |
|      tbl_fcfs_ct_1074048392_hash_147_calc-gateway      |   1    |    0     |  0   |    1     |  0   |   0   |  0   |   0    |   0   |   1    |   0    |   0    |
|         tbl_psdf40000c10000zipf0_4hmaxtput951          |   1    |    0     |  0   |    0     |  0   |   0   |  0   |   0    |   1   |   0    |   0    |   1    |
|        Ingress.fcfs_ct_1074048392_reg_liveness         |   2    |    4     |  0   |    0     |  17  |   0   |  17  |   0    |   0   |   0    |   0    |   0    |
|          Ingress.vector_table_1074126776_192           |   2    |    4     |  40  |    0     |  4   |   0   |  0   |   2    |   2   |   1    |   1    |   0    |
|                        cond-25                         |   2    |    4     |  0   |    1     |  0   |   0   |  0   |   0    |   0   |   1    |   0    |   0    |
|         tbl_psdf40000c10000zipf0_4hmaxtput755          |   2    |    2     |  13  |    0     |  0   |   0   |  0   |   2    |   1   |   0    |   1    |   0    |
|     tbl_psdf40000c10000zipf0_4hmaxtput755-gateway      |   2    |    0     |  0   |    1     |  0   |   0   |  0   |   0    |   0   |   1    |   0    |   0    |
|         tbl_psdf40000c10000zipf0_4hmaxtput836          |   2    |    4     |  23  |    0     |  0   |   0   |  0   |   2    |   1   |   0    |   1    |   0    |
|     tbl_psdf40000c10000zipf0_4hmaxtput836-gateway      |   2    |    0     |  0   |    1     |  0   |   0   |  0   |   0    |   0   |   1    |   0    |   0    |
|          Ingress.fcfs_ct_1074048392_reg_key_0          |   3    |    4     |  0   |    0     |  3   |   0   |  3   |   0    |   0   |   0    |   0    |   0    |
|                        cond-18                         |   3    |    1     |  0   |    1     |  0   |   0   |  0   |   0    |   0   |   1    |   0    |   1    |
|                        cond-23                         |   3    |    2     |  0   |    1     |  0   |   0   |  0   |   0    |   0   |   1    |   0    |   1    |
|            tbl_fcfs_ct_1074048392_check_key            |   3    |    2     |  13  |    0     |  0   |   0   |  0   |   1    |   1   |   0    |   1    |   0    |
|         tbl_psdf40000c10000zipf0_4hmaxtput757          |   3    |    2     |  13  |    0     |  0   |   0   |  0   |   1    |   1   |   0    |   1    |   0    |
|         tbl_psdf40000c10000zipf0_4hmaxtput934          |   3    |    0     |  0   |    0     |  0   |   0   |  0   |   0    |   1   |   0    |   0    |   1    |
|                        cond-19                         |   4    |    4     |  0   |    1     |  0   |   0   |  0   |   0    |   0   |   1    |   0    |   0    |
|                        cond-24                         |   4    |    1     |  0   |    1     |  0   |   0   |  0   |   0    |   0   |   1    |   0    |   0    |
|                   tbl_build_cpu_hdr                    |   4    |    0     |  0   |    0     |  0   |   0   |  0   |   4    |   1   |   0    |   0    |   1    |
|         tbl_psdf40000c10000zipf0_4hmaxtput769          |   4    |    0     |  0   |    0     |  0   |   0   |  0   |   0    |   1   |   0    |   0    |   1    |
|         tbl_psdf40000c10000zipf0_4hmaxtput774          |   4    |    0     |  0   |    0     |  0   |   0   |  0   |   0    |   1   |   0    |   0    |   1    |
|         tbl_psdf40000c10000zipf0_4hmaxtput800          |   4    |    0     |  0   |    0     |  0   |   0   |  0   |   0    |   1   |   0    |   0    |   1    |
|         tbl_psdf40000c10000zipf0_4hmaxtput840          |   4    |    0     |  0   |    0     |  0   |   0   |  0   |   0    |   1   |   0    |   0    |   1    |
|                        cond-26                         |   5    |    1     |  0   |    1     |  0   |   0   |  0   |   0    |   0   |   1    |   0    |   0    |
|           tbl_bf_1074096984_hash_0_3602_calc           |   5    |    6     |  10  |    0     |  0   |   0   |  0   |   3    |   1   |   0    |   1    |   0    |
|       tbl_bf_1074096984_hash_0_3602_calc-gateway       |   5    |    0     |  0   |    1     |  0   |   0   |  0   |   0    |   0   |   1    |   0    |   0    |
|           tbl_bf_1074096984_hash_3_3602_calc           |   5    |    6     |  10  |    0     |  0   |   0   |  0   |   3    |   1   |   0    |   1    |   0    |
|       tbl_bf_1074096984_hash_3_3602_calc-gateway       |   5    |    0     |  0   |    1     |  0   |   0   |  0   |   0    |   0   |   1    |   0    |   0    |
|                  tbl_build_recirc_hdr                  |   5    |    0     |  0   |    0     |  0   |   0   |  0   |   0    |   1   |   0    |   0    |   1    |
|         tbl_psdf40000c10000zipf0_4hmaxtput798          |   5    |    0     |  0   |    0     |  0   |   0   |  0   |   0    |   1   |   0    |   0    |   1    |
|         tbl_psdf40000c10000zipf0_4hmaxtput864          |   5    |    0     |  0   |    0     |  0   |   0   |  0   |   0    |   1   |   0    |   0    |   1    |
|         tbl_psdf40000c10000zipf0_4hmaxtput870          |   5    |    0     |  0   |    0     |  0   |   0   |  0   |   0    |   1   |   0    |   0    |   1    |
|          Ingress.vector_register_1074079432_0          |   6    |    4     |  0   |    0     |  17  |   0   |  17  |   0    |   0   |   0    |   0    |   0    |
|           tbl_bf_1074096984_hash_0_1417_calc           |   6    |    6     |  10  |    0     |  0   |   0   |  0   |   3    |   1   |   0    |   1    |   0    |
|       tbl_bf_1074096984_hash_0_1417_calc-gateway       |   6    |    0     |  0   |    1     |  0   |   0   |  0   |   0    |   0   |   1    |   0    |   0    |
|           tbl_bf_1074096984_hash_1_1417_calc           |   6    |    6     |  10  |    0     |  0   |   0   |  0   |   2    |   1   |   0    |   1    |   0    |
|       tbl_bf_1074096984_hash_1_1417_calc-gateway       |   6    |    0     |  0   |    1     |  0   |   0   |  0   |   0    |   0   |   1    |   0    |   0    |
|           tbl_bf_1074096984_hash_2_3602_calc           |   6    |    6     |  10  |    0     |  0   |   0   |  0   |   3    |   1   |   0    |   1    |   0    |
|       tbl_bf_1074096984_hash_2_3602_calc-gateway       |   6    |    0     |  0   |    1     |  0   |   0   |  0   |   0    |   0   |   1    |   0    |   0    |
|         tbl_psdf40000c10000zipf0_4hmaxtput857          |   6    |    0     |  0   |    0     |  0   |   0   |  0   |   0    |   1   |   0    |   0    |   1    |
|     tbl_regexec_vector_register_1074079432_0_read      |   6    |    4     |  23  |    0     |  0   |   0   |  0   |   4    |   1   |   0    |   1    |   0    |
| tbl_regexec_vector_register_1074079432_0_read-gateway  |   6    |    0     |  0   |    1     |  0   |   0   |  0   |   0    |   0   |   1    |   0    |   0    |
|     tbl_regexec_vector_register_1074079432_0_write     |   6    |    5     |  23  |    0     |  0   |   0   |  0   |   4    |   1   |   0    |   1    |   0    |
| tbl_regexec_vector_register_1074079432_0_write-gateway |   6    |    0     |  0   |    1     |  0   |   0   |  0   |   0    |   0   |   1    |   0    |   0    |
|              Ingress.bf_1074096984_row_0               |   7    |    0     |  0   |    0     |  2   |   0   |  2   |   0    |   0   |   0    |   0    |   0    |
|           tbl_bf_1074096984_hash_1_3602_calc           |   7    |    6     |  10  |    0     |  0   |   0   |  0   |   2    |   1   |   0    |   1    |   0    |
|       tbl_bf_1074096984_hash_1_3602_calc-gateway       |   7    |    0     |  0   |    1     |  0   |   0   |  0   |   0    |   0   |   1    |   0    |   0    |
|           tbl_bf_1074096984_hash_2_1417_calc           |   7    |    6     |  10  |    0     |  0   |   0   |  0   |   3    |   1   |   0    |   1    |   0    |
|       tbl_bf_1074096984_hash_2_1417_calc-gateway       |   7    |    0     |  0   |    1     |  0   |   0   |  0   |   0    |   0   |   1    |   0    |   0    |
|      tbl_bf_1074096984_row_0_read_and_set_execute      |   7    |    2     |  10  |    0     |  0   |   0   |  0   |   1    |   1   |   0    |   1    |   0    |
|  tbl_bf_1074096984_row_0_read_and_set_execute-gateway  |   7    |    0     |  0   |    1     |  0   |   0   |  0   |   0    |   0   |   1    |   0    |   0    |
|       tbl_bf_1074096984_row_0_set_to_one_execute       |   7    |    0     |  0   |    0     |  0   |   0   |  0   |   1    |   1   |   0    |   1    |   0    |
|   tbl_bf_1074096984_row_0_set_to_one_execute-gateway   |   7    |    0     |  0   |    1     |  0   |   0   |  0   |   0    |   0   |   1    |   0    |   0    |
|              Ingress.bf_1074096984_row_1               |   8    |    0     |  0   |    0     |  2   |   0   |  2   |   0    |   0   |   0    |   0    |   0    |
|           tbl_bf_1074096984_hash_3_1417_calc           |   8    |    6     |  10  |    0     |  0   |   0   |  0   |   3    |   1   |   0    |   1    |   0    |
|       tbl_bf_1074096984_hash_3_1417_calc-gateway       |   8    |    0     |  0   |    1     |  0   |   0   |  0   |   0    |   0   |   1    |   0    |   0    |
|      tbl_bf_1074096984_row_1_read_and_set_execute      |   8    |    2     |  10  |    0     |  0   |   0   |  0   |   1    |   1   |   0    |   1    |   0    |
|  tbl_bf_1074096984_row_1_read_and_set_execute-gateway  |   8    |    0     |  0   |    1     |  0   |   0   |  0   |   0    |   0   |   1    |   0    |   0    |
|       tbl_bf_1074096984_row_1_set_to_one_execute       |   8    |    0     |  0   |    0     |  0   |   0   |  0   |   1    |   1   |   0    |   1    |   0    |
|   tbl_bf_1074096984_row_1_set_to_one_execute-gateway   |   8    |    0     |  0   |    1     |  0   |   0   |  0   |   0    |   0   |   1    |   0    |   0    |
|              Ingress.bf_1074096984_row_2               |   9    |    0     |  0   |    0     |  2   |   0   |  2   |   0    |   0   |   0    |   0    |   0    |
|      tbl_bf_1074096984_row_2_read_and_set_execute      |   9    |    2     |  10  |    0     |  0   |   0   |  0   |   1    |   1   |   0    |   1    |   0    |
|  tbl_bf_1074096984_row_2_read_and_set_execute-gateway  |   9    |    0     |  0   |    1     |  0   |   0   |  0   |   0    |   0   |   1    |   0    |   0    |
|       tbl_bf_1074096984_row_2_set_to_one_execute       |   9    |    0     |  0   |    0     |  0   |   0   |  0   |   1    |   1   |   0    |   1    |   0    |
|   tbl_bf_1074096984_row_2_set_to_one_execute-gateway   |   9    |    0     |  0   |    1     |  0   |   0   |  0   |   0    |   0   |   1    |   0    |   0    |
|              Ingress.bf_1074096984_row_3               |   10   |    0     |  0   |    0     |  2   |   0   |  2   |   0    |   0   |   0    |   0    |   0    |
|      tbl_bf_1074096984_row_3_read_and_set_execute      |   10   |    2     |  10  |    0     |  0   |   0   |  0   |   1    |   1   |   0    |   1    |   0    |
|  tbl_bf_1074096984_row_3_read_and_set_execute-gateway  |   10   |    0     |  0   |    1     |  0   |   0   |  0   |   0    |   0   |   1    |   0    |   0    |
|       tbl_bf_1074096984_row_3_set_to_one_execute       |   10   |    0     |  0   |    0     |  0   |   0   |  0   |   1    |   1   |   0    |   1    |   0    |
|   tbl_bf_1074096984_row_3_set_to_one_execute-gateway   |   10   |    0     |  0   |    1     |  0   |   0   |  0   |   0    |   0   |   1    |   0    |   0    |
|                        cond-27                         |   11   |    4     |  0   |    1     |  0   |   0   |  0   |   0    |   0   |   1    |   0    |   0    |
|                        cond-28                         |   11   |    4     |  0   |    1     |  0   |   0   |  0   |   0    |   0   |   1    |   0    |   0    |
|                  tbl_build_cpu_hdr_0                   |   11   |    0     |  0   |    0     |  0   |   0   |  0   |   4    |   1   |   0    |   0    |   1    |
|         tbl_psdf40000c10000zipf0_4hmaxtput895          |   11   |    8     |  32  |    0     |  0   |   0   |  0   |   4    |   1   |   0    |   1    |   0    |
|     tbl_psdf40000c10000zipf0_4hmaxtput895-gateway      |   11   |    0     |  0   |    1     |  0   |   0   |  0   |   0    |   0   |   1    |   0    |   0    |
|         tbl_psdf40000c10000zipf0_4hmaxtput896          |   11   |    0     |  0   |    0     |  0   |   0   |  0   |   0    |   1   |   0    |   0    |   1    |
|         tbl_psdf40000c10000zipf0_4hmaxtput905          |   11   |    0     |  0   |    0     |  0   |   0   |  0   |   0    |   1   |   0    |   0    |   1    |
|          Ingress.vector_table_1074126776_161           |   12   |    4     |  40  |    0     |  4   |   0   |  0   |   2    |   2   |   1    |   1    |   0    |
|          Ingress.vector_table_1074126776_186           |   12   |    4     |  40  |    0     |  4   |   0   |  0   |   2    |   2   |   1    |   1    |   0    |
|         tbl_psdf40000c10000zipf0_4hmaxtput893          |   12   |    0     |  0   |    0     |  0   |   0   |  0   |   0    |   1   |   0    |   0    |   1    |
|         tbl_psdf40000c10000zipf0_4hmaxtput792          |   13   |    0     |  0   |    0     |  0   |   0   |  0   |   0    |   1   |   0    |   0    |   1    |
|         tbl_psdf40000c10000zipf0_4hmaxtput920          |   13   |    0     |  0   |    0     |  0   |   0   |  0   |   0    |   1   |   0    |   0    |   1    |
|                 Ingress.forwarding_tbl                 |   14   |    7     |  0   |    0     |  1   |   2   |  0   |   6    |   4   |   0    |   0    |   1    |
|             Ingress.forwarding_tbl$action              |   14   |    0     |  0   |    0     |  1   |   0   |  0   |   0    |   0   |   0    |   0    |   0    |
-------------------------------------------------------------------------------------------------------------------------------------------------------------------

