+---------------------------------------------------------------------+
|  Log file: mau.resources.log                                        |
|  Compiler version: 9.13.4                                           |
|  Created on: Thu Sep 10 06:48:23 2026                               |
|  Run ID: a5c6cfcb32204a89                                           |
+---------------------------------------------------------------------+


---------------------------------------------------------------------------------------------------------------------------------------------------------------------------------------------------------------------------------------------------------------------------------------------------------------------------------------------------------------
| Stage Number | Exact Match Input xbar | Ternary Match Input xbar | Hash Bit | Hash Dist Unit | Gateway | SRAM | Map RAM | TCAM | VLIW Instr | Meter ALU | Stats ALU | Stash | Exact Match Search Bus | Exact Match Result Bus | Tind Result Bus | Action Data Bus Bytes | 8-bit Action Slots | 16-bit Action Slots | 32-bit Action Slots | Logical TableID |
---------------------------------------------------------------------------------------------------------------------------------------------------------------------------------------------------------------------------------------------------------------------------------------------------------------------------------------------------------------
|      0       |           11           |            0             |    84    |       0        |    6    |  38  |    36   |  0   |     5      |     0     |     0     |   0   |           7            |           2            |        5        |           8           |         0          |          0          |          0          |        9        |
|      1       |           8            |            0             |    56    |       2        |    2    |  4   |    0    |  0   |     3      |     0     |     0     |   0   |           2            |           3            |        1        |           14          |         0          |          0          |          0          |        4        |
|      2       |           17           |            0             |    71    |       2        |    3    |  21  |    17   |  0   |     2      |     1     |     0     |   0   |           2            |           3            |        0        |           3           |         0          |          0          |          0          |        3        |
|      3       |           8            |            0             |    16    |       2        |    2    |  2   |    2    |  0   |     2      |     1     |     0     |   0   |           2            |           2            |        3        |           1           |         0          |          0          |          0          |        3        |
|      4       |           5            |            0             |    0     |       0        |    2    |  0   |    0    |  0   |     3      |     0     |     0     |   0   |           2            |           0            |        5        |           4           |         0          |          0          |          0          |        5        |
|      5       |           7            |            0             |    10    |       1        |    2    |  0   |    0    |  0   |     3      |     0     |     0     |   0   |           1            |           1            |        4        |           3           |         0          |          0          |          0          |        5        |
|      6       |           14           |            0             |    66    |       4        |    4    |  17  |    17   |  0   |     3      |     1     |     0     |   0   |           2            |           4            |        1        |           9           |         0          |          0          |          0          |        5        |
|      7       |           6            |            0             |    20    |       2        |    2    |  0   |    0    |  0   |     2      |     0     |     0     |   0   |           1            |           2            |        0        |           6           |         0          |          0          |          0          |        2        |
|      8       |           6            |            0             |    20    |       2        |    2    |  0   |    0    |  0   |     2      |     0     |     0     |   0   |           1            |           2            |        0        |           5           |         0          |          0          |          0          |        2        |
|      9       |           8            |            0             |    20    |       2        |    3    |  2   |    2    |  0   |     2      |     1     |     0     |   0   |           2            |           3            |        0        |           4           |         0          |          0          |          0          |        3        |
|      10      |           2            |            0             |    10    |       1        |    2    |  2   |    2    |  0   |     1      |     1     |     0     |   0   |           1            |           2            |        0        |           1           |         0          |          0          |          0          |        2        |
|      11      |           2            |            0             |    10    |       1        |    2    |  2   |    2    |  0   |     1      |     1     |     0     |   0   |           1            |           2            |        0        |           1           |         0          |          0          |          0          |        2        |
|      12      |           2            |            0             |    10    |       1        |    2    |  2   |    2    |  0   |     1      |     1     |     0     |   0   |           1            |           2            |        0        |           1           |         0          |          0          |          0          |        2        |
|      13      |           8            |            0             |    32    |       2        |    3    |  0   |    0    |  0   |     3      |     0     |     0     |   0   |           3            |           1            |        3        |           8           |         0          |          0          |          0          |        5        |
|      14      |           8            |            0             |    80    |       0        |    0    |  8   |    0    |  0   |     2      |     0     |     0     |   0   |           2            |           2            |        1        |           4           |         0          |          0          |          0          |        3        |
|      15      |           0            |            0             |    0     |       0        |    0    |  0   |    0    |  0   |     2      |     0     |     0     |   0   |           0            |           0            |        2        |           0           |         0          |          0          |          0          |        2        |
|      16      |           0            |            7             |    0     |       0        |    0    |  2   |    0    |  2   |     4      |     0     |     0     |   0   |           0            |           0            |        1        |           6           |         0          |          0          |          0          |        1        |
|      17      |           0            |            0             |    0     |       0        |    0    |  0   |    0    |  0   |     0      |     0     |     0     |   0   |           0            |           0            |        0        |           0           |         0          |          0          |          0          |        0        |
|      18      |           0            |            0             |    0     |       0        |    0    |  0   |    0    |  0   |     0      |     0     |     0     |   0   |           0            |           0            |        0        |           0           |         0          |          0          |          0          |        0        |
|      19      |           0            |            0             |    0     |       0        |    0    |  0   |    0    |  0   |     0      |     0     |     0     |   0   |           0            |           0            |        0        |           0           |         0          |          0          |          0          |        0        |
|              |                        |                          |          |                |         |      |         |      |            |           |           |       |                        |                        |                 |                       |                    |                     |                     |                 |
|    Totals    |          112           |            7             |   505    |       22       |    37   | 100  |    80   |  2   |     41     |     7     |     0     |   0   |           30           |           31           |        26       |           78          |         0          |          0          |          0          |        58       |
---------------------------------------------------------------------------------------------------------------------------------------------------------------------------------------------------------------------------------------------------------------------------------------------------------------------------------------------------------------


------------------------------------------------------------------------------------------------------------------------------------------------------------------------------------------------------------------------------------------------------------------------------------------------------------------------------------------------------------------
| Stage Number | Exact Match Input xbar | Ternary Match Input xbar | Hash Bit | Hash Dist Unit | Gateway |  SRAM  | Map RAM |  TCAM | VLIW Instr | Meter ALU | Stats ALU | Stash | Exact Match Search Bus | Exact Match Result Bus | Tind Result Bus | Action Data Bus Bytes | 8-bit Action Slots | 16-bit Action Slots | 32-bit Action Slots | Logical TableID |
------------------------------------------------------------------------------------------------------------------------------------------------------------------------------------------------------------------------------------------------------------------------------------------------------------------------------------------------------------------
|      0       |         8.59%          |          0.00%           |  20.19%  |     0.00%      |  37.50% | 47.50% |  75.00% | 0.00% |   15.62%   |   0.00%   |   0.00%   | 0.00% |         43.75%         |         12.50%         |      31.25%     |         6.25%         |       0.00%        |        0.00%        |        0.00%        |      56.25%     |
|      1       |         6.25%          |          0.00%           |  13.46%  |     33.33%     |  12.50% | 5.00%  |  0.00%  | 0.00% |   9.38%    |   0.00%   |   0.00%   | 0.00% |         12.50%         |         18.75%         |      6.25%      |         10.94%        |       0.00%        |        0.00%        |        0.00%        |      25.00%     |
|      2       |         13.28%         |          0.00%           |  17.07%  |     33.33%     |  18.75% | 26.25% |  35.42% | 0.00% |   6.25%    |   25.00%  |   0.00%   | 0.00% |         12.50%         |         18.75%         |      0.00%      |         2.34%         |       0.00%        |        0.00%        |        0.00%        |      18.75%     |
|      3       |         6.25%          |          0.00%           |  3.85%   |     33.33%     |  12.50% | 2.50%  |  4.17%  | 0.00% |   6.25%    |   25.00%  |   0.00%   | 0.00% |         12.50%         |         12.50%         |      18.75%     |         0.78%         |       0.00%        |        0.00%        |        0.00%        |      18.75%     |
|      4       |         3.91%          |          0.00%           |  0.00%   |     0.00%      |  12.50% | 0.00%  |  0.00%  | 0.00% |   9.38%    |   0.00%   |   0.00%   | 0.00% |         12.50%         |         0.00%          |      31.25%     |         3.12%         |       0.00%        |        0.00%        |        0.00%        |      31.25%     |
|      5       |         5.47%          |          0.00%           |  2.40%   |     16.67%     |  12.50% | 0.00%  |  0.00%  | 0.00% |   9.38%    |   0.00%   |   0.00%   | 0.00% |         6.25%          |         6.25%          |      25.00%     |         2.34%         |       0.00%        |        0.00%        |        0.00%        |      31.25%     |
|      6       |         10.94%         |          0.00%           |  15.87%  |     66.67%     |  25.00% | 21.25% |  35.42% | 0.00% |   9.38%    |   25.00%  |   0.00%   | 0.00% |         12.50%         |         25.00%         |      6.25%      |         7.03%         |       0.00%        |        0.00%        |        0.00%        |      31.25%     |
|      7       |         4.69%          |          0.00%           |  4.81%   |     33.33%     |  12.50% | 0.00%  |  0.00%  | 0.00% |   6.25%    |   0.00%   |   0.00%   | 0.00% |         6.25%          |         12.50%         |      0.00%      |         4.69%         |       0.00%        |        0.00%        |        0.00%        |      12.50%     |
|      8       |         4.69%          |          0.00%           |  4.81%   |     33.33%     |  12.50% | 0.00%  |  0.00%  | 0.00% |   6.25%    |   0.00%   |   0.00%   | 0.00% |         6.25%          |         12.50%         |      0.00%      |         3.91%         |       0.00%        |        0.00%        |        0.00%        |      12.50%     |
|      9       |         6.25%          |          0.00%           |  4.81%   |     33.33%     |  18.75% | 2.50%  |  4.17%  | 0.00% |   6.25%    |   25.00%  |   0.00%   | 0.00% |         12.50%         |         18.75%         |      0.00%      |         3.12%         |       0.00%        |        0.00%        |        0.00%        |      18.75%     |
|      10      |         1.56%          |          0.00%           |  2.40%   |     16.67%     |  12.50% | 2.50%  |  4.17%  | 0.00% |   3.12%    |   25.00%  |   0.00%   | 0.00% |         6.25%          |         12.50%         |      0.00%      |         0.78%         |       0.00%        |        0.00%        |        0.00%        |      12.50%     |
|      11      |         1.56%          |          0.00%           |  2.40%   |     16.67%     |  12.50% | 2.50%  |  4.17%  | 0.00% |   3.12%    |   25.00%  |   0.00%   | 0.00% |         6.25%          |         12.50%         |      0.00%      |         0.78%         |       0.00%        |        0.00%        |        0.00%        |      12.50%     |
|      12      |         1.56%          |          0.00%           |  2.40%   |     16.67%     |  12.50% | 2.50%  |  4.17%  | 0.00% |   3.12%    |   25.00%  |   0.00%   | 0.00% |         6.25%          |         12.50%         |      0.00%      |         0.78%         |       0.00%        |        0.00%        |        0.00%        |      12.50%     |
|      13      |         6.25%          |          0.00%           |  7.69%   |     33.33%     |  18.75% | 0.00%  |  0.00%  | 0.00% |   9.38%    |   0.00%   |   0.00%   | 0.00% |         18.75%         |         6.25%          |      18.75%     |         6.25%         |       0.00%        |        0.00%        |        0.00%        |      31.25%     |
|      14      |         6.25%          |          0.00%           |  19.23%  |     0.00%      |  0.00%  | 10.00% |  0.00%  | 0.00% |   6.25%    |   0.00%   |   0.00%   | 0.00% |         12.50%         |         12.50%         |      6.25%      |         3.12%         |       0.00%        |        0.00%        |        0.00%        |      18.75%     |
|      15      |         0.00%          |          0.00%           |  0.00%   |     0.00%      |  0.00%  | 0.00%  |  0.00%  | 0.00% |   6.25%    |   0.00%   |   0.00%   | 0.00% |         0.00%          |         0.00%          |      12.50%     |         0.00%         |       0.00%        |        0.00%        |        0.00%        |      12.50%     |
|      16      |         0.00%          |          10.61%          |  0.00%   |     0.00%      |  0.00%  | 2.50%  |  0.00%  | 8.33% |   12.50%   |   0.00%   |   0.00%   | 0.00% |         0.00%          |         0.00%          |      6.25%      |         4.69%         |       0.00%        |        0.00%        |        0.00%        |      6.25%      |
|      17      |         0.00%          |          0.00%           |  0.00%   |     0.00%      |  0.00%  | 0.00%  |  0.00%  | 0.00% |   0.00%    |   0.00%   |   0.00%   | 0.00% |         0.00%          |         0.00%          |      0.00%      |         0.00%         |       0.00%        |        0.00%        |        0.00%        |      0.00%      |
|      18      |         0.00%          |          0.00%           |  0.00%   |     0.00%      |  0.00%  | 0.00%  |  0.00%  | 0.00% |   0.00%    |   0.00%   |   0.00%   | 0.00% |         0.00%          |         0.00%          |      0.00%      |         0.00%         |       0.00%        |        0.00%        |        0.00%        |      0.00%      |
|      19      |         0.00%          |          0.00%           |  0.00%   |     0.00%      |  0.00%  | 0.00%  |  0.00%  | 0.00% |   0.00%    |   0.00%   |   0.00%   | 0.00% |         0.00%          |         0.00%          |      0.00%      |         0.00%         |       0.00%        |        0.00%        |        0.00%        |      0.00%      |
|              |                        |                          |          |                |         |        |         |       |            |           |           |       |                        |                        |                 |                       |                    |                     |                     |                 |
|   Average    |         5.15%          |          0.62%           |  7.14%   |     21.57%     |  13.60% | 7.35%  |  9.80%  | 0.49% |   7.54%    |   10.29%  |   0.00%   | 0.00% |         11.03%         |         11.40%         |      9.56%      |         3.58%         |       0.00%        |        0.00%        |        0.00%        |      21.32%     |
------------------------------------------------------------------------------------------------------------------------------------------------------------------------------------------------------------------------------------------------------------------------------------------------------------------------------------------------------------------


Allocated Resource Usage
-------------------------------------------------------------------------------------------------------------------------------------------------------------------
|                         Table                          | Stage  | Crossbar | Hash | Gateways | RAMs | TCAMs | Map  | Action |  VLIW |  Exm   |  Exm   |  Tind  |
|                          Name                          | Number |  Bytes   | Bits |          |      |       | RAMs |  Data  | Slots | Search | Result | Result |
|                                                        |        |          |      |          |      |       |      |  Bus   |       |  Bus   |  Bus   |  Bus   |
|                                                        |        |          |      |          |      |       |      | Bytes  |       |        |        |        |
-------------------------------------------------------------------------------------------------------------------------------------------------------------------
|              IngressParser.$PORT_METADATA              |   -1   |    0     |  0   |    0     |  0   |   0   |  0   |   0    |   0   |   0    |   0    |   0    |
|          Ingress.fcfs_ct_1074048392_table_145          |   0    |    4     |  44  |    0     |  16  |   0   |  36  |   4    |   2   |   1    |   1    |   0    |
|      Ingress.fcfs_ct_1074048392_table_145$action       |   0    |    0     |  0   |    0     |  18  |   0   |  0   |   0    |   0   |   0    |   0    |   0    |
|             Ingress.ingress_port_to_nf_dev             |   0    |    2     |  40  |    0     |  4   |   0   |  0   |   4    |   3   |   1    |   1    |   0    |
|                        cond-15                         |   0    |    2     |  0   |    1     |  0   |   0   |  0   |   0    |   0   |   1    |   0    |   0    |
|                        cond-16                         |   0    |    1     |  0   |    1     |  0   |   0   |  0   |   0    |   0   |   1    |   0    |   0    |
|                        cond-17                         |   0    |    2     |  0   |    1     |  0   |   0   |  0   |   0    |   0   |   1    |   0    |   0    |
|                        cond-20                         |   0    |    1     |  0   |    1     |  0   |   0   |  0   |   0    |   0   |   1    |   0    |   0    |
|                        cond-21                         |   0    |    1     |  0   |    1     |  0   |   0   |  0   |   0    |   0   |   1    |   0    |   0    |
|                        cond-22                         |   0    |    1     |  0   |    1     |  0   |   0   |  0   |   0    |   0   |   1    |   0    |   1    |
|                        tbl_act                         |   0    |    0     |  0   |    0     |  0   |   0   |  0   |   0    |   1   |   0    |   0    |   1    |
|          tbl_psdf40000c10000zipf1hmaxtput747           |   0    |    0     |  0   |    0     |  0   |   0   |  0   |   0    |   1   |   0    |   0    |   1    |
|          tbl_psdf40000c10000zipf1hmaxtput752           |   0    |    0     |  0   |    0     |  0   |   0   |  0   |   0    |   1   |   0    |   0    |   1    |
|          tbl_psdf40000c10000zipf1hmaxtput833           |   0    |    0     |  0   |    0     |  0   |   0   |  0   |   0    |   1   |   0    |   0    |   1    |
|          Ingress.vector_table_1074109560_142           |   1    |    4     |  40  |    0     |  4   |   0   |  0   |   4    |   2   |   1    |   1    |   0    |
|          tbl_fcfs_ct_1074048392_hash_145_calc          |   1    |    4     |  8   |    0     |  0   |   0   |  0   |   5    |   1   |   0    |   1    |   0    |
|      tbl_fcfs_ct_1074048392_hash_145_calc-gateway      |   1    |    0     |  0   |    1     |  0   |   0   |  0   |   0    |   0   |   1    |   0    |   0    |
|          tbl_fcfs_ct_1074048392_hash_147_calc          |   1    |    4     |  8   |    0     |  0   |   0   |  0   |   5    |   1   |   0    |   1    |   0    |
|      tbl_fcfs_ct_1074048392_hash_147_calc-gateway      |   1    |    0     |  0   |    1     |  0   |   0   |  0   |   0    |   0   |   1    |   0    |   0    |
|          tbl_psdf40000c10000zipf1hmaxtput951           |   1    |    0     |  0   |    0     |  0   |   0   |  0   |   0    |   1   |   0    |   0    |   1    |
|        Ingress.fcfs_ct_1074048392_reg_liveness         |   2    |    4     |  0   |    0     |  17  |   0   |  17  |   0    |   0   |   0    |   0    |   0    |
|          Ingress.vector_table_1074126776_192           |   2    |    4     |  40  |    0     |  4   |   0   |  0   |   2    |   2   |   1    |   1    |   0    |
|                        cond-25                         |   2    |    4     |  0   |    1     |  0   |   0   |  0   |   0    |   0   |   1    |   0    |   0    |
|          tbl_psdf40000c10000zipf1hmaxtput755           |   2    |    1     |  8   |    0     |  0   |   0   |  0   |   1    |   1   |   0    |   1    |   0    |
|      tbl_psdf40000c10000zipf1hmaxtput755-gateway       |   2    |    0     |  0   |    1     |  0   |   0   |  0   |   0    |   0   |   1    |   0    |   0    |
|          tbl_psdf40000c10000zipf1hmaxtput836           |   2    |    4     |  23  |    0     |  0   |   0   |  0   |   1    |   1   |   0    |   1    |   0    |
|      tbl_psdf40000c10000zipf1hmaxtput836-gateway       |   2    |    0     |  0   |    1     |  0   |   0   |  0   |   0    |   0   |   1    |   0    |   0    |
|          Ingress.fcfs_ct_1074048392_reg_key_0          |   3    |    4     |  0   |    0     |  2   |   0   |  2   |   0    |   0   |   0    |   0    |   0    |
|                        cond-18                         |   3    |    1     |  0   |    1     |  0   |   0   |  0   |   0    |   0   |   1    |   0    |   1    |
|                        cond-23                         |   3    |    2     |  0   |    1     |  0   |   0   |  0   |   0    |   0   |   1    |   0    |   1    |
|            tbl_fcfs_ct_1074048392_check_key            |   3    |    1     |  8   |    0     |  0   |   0   |  0   |   1    |   1   |   0    |   1    |   0    |
|          tbl_psdf40000c10000zipf1hmaxtput757           |   3    |    1     |  8   |    0     |  0   |   0   |  0   |   1    |   1   |   0    |   1    |   0    |
|          tbl_psdf40000c10000zipf1hmaxtput934           |   3    |    0     |  0   |    0     |  0   |   0   |  0   |   0    |   1   |   0    |   0    |   1    |
|                        cond-19                         |   4    |    4     |  0   |    1     |  0   |   0   |  0   |   0    |   0   |   1    |   0    |   0    |
|                        cond-24                         |   4    |    1     |  0   |    1     |  0   |   0   |  0   |   0    |   0   |   1    |   0    |   0    |
|                   tbl_build_cpu_hdr                    |   4    |    0     |  0   |    0     |  0   |   0   |  0   |   4    |   1   |   0    |   0    |   1    |
|          tbl_psdf40000c10000zipf1hmaxtput769           |   4    |    0     |  0   |    0     |  0   |   0   |  0   |   0    |   1   |   0    |   0    |   1    |
|          tbl_psdf40000c10000zipf1hmaxtput774           |   4    |    0     |  0   |    0     |  0   |   0   |  0   |   0    |   1   |   0    |   0    |   1    |
|          tbl_psdf40000c10000zipf1hmaxtput800           |   4    |    0     |  0   |    0     |  0   |   0   |  0   |   0    |   1   |   0    |   0    |   1    |
|          tbl_psdf40000c10000zipf1hmaxtput840           |   4    |    0     |  0   |    0     |  0   |   0   |  0   |   0    |   1   |   0    |   0    |   1    |
|                        cond-26                         |   5    |    1     |  0   |    1     |  0   |   0   |  0   |   0    |   0   |   1    |   0    |   0    |
|           tbl_bf_1074096984_hash_3_3602_calc           |   5    |    6     |  10  |    0     |  0   |   0   |  0   |   3    |   1   |   0    |   1    |   0    |
|       tbl_bf_1074096984_hash_3_3602_calc-gateway       |   5    |    0     |  0   |    1     |  0   |   0   |  0   |   0    |   0   |   1    |   0    |   0    |
|                  tbl_build_recirc_hdr                  |   5    |    0     |  0   |    0     |  0   |   0   |  0   |   0    |   1   |   0    |   0    |   1    |
|          tbl_psdf40000c10000zipf1hmaxtput798           |   5    |    0     |  0   |    0     |  0   |   0   |  0   |   0    |   1   |   0    |   0    |   1    |
|          tbl_psdf40000c10000zipf1hmaxtput864           |   5    |    0     |  0   |    0     |  0   |   0   |  0   |   0    |   1   |   0    |   0    |   1    |
|          tbl_psdf40000c10000zipf1hmaxtput870           |   5    |    0     |  0   |    0     |  0   |   0   |  0   |   0    |   1   |   0    |   0    |   1    |
|          Ingress.vector_register_1074079432_0          |   6    |    4     |  0   |    0     |  17  |   0   |  17  |   0    |   0   |   0    |   0    |   0    |
|           tbl_bf_1074096984_hash_0_1417_calc           |   6    |    6     |  10  |    0     |  0   |   0   |  0   |   2    |   1   |   0    |   1    |   0    |
|       tbl_bf_1074096984_hash_0_1417_calc-gateway       |   6    |    0     |  0   |    1     |  0   |   0   |  0   |   0    |   0   |   1    |   0    |   0    |
|           tbl_bf_1074096984_hash_2_3602_calc           |   6    |    6     |  10  |    0     |  0   |   0   |  0   |   3    |   1   |   0    |   1    |   0    |
|       tbl_bf_1074096984_hash_2_3602_calc-gateway       |   6    |    0     |  0   |    1     |  0   |   0   |  0   |   0    |   0   |   1    |   0    |   0    |
|          tbl_psdf40000c10000zipf1hmaxtput857           |   6    |    0     |  0   |    0     |  0   |   0   |  0   |   0    |   1   |   0    |   0    |   1    |
|     tbl_regexec_vector_register_1074079432_0_read      |   6    |    4     |  23  |    0     |  0   |   0   |  0   |   4    |   1   |   0    |   1    |   0    |
| tbl_regexec_vector_register_1074079432_0_read-gateway  |   6    |    0     |  0   |    1     |  0   |   0   |  0   |   0    |   0   |   1    |   0    |   0    |
|     tbl_regexec_vector_register_1074079432_0_write     |   6    |    4     |  23  |    0     |  0   |   0   |  0   |   4    |   1   |   0    |   1    |   0    |
| tbl_regexec_vector_register_1074079432_0_write-gateway |   6    |    0     |  0   |    1     |  0   |   0   |  0   |   0    |   0   |   1    |   0    |   0    |
|           tbl_bf_1074096984_hash_1_1417_calc           |   7    |    6     |  10  |    0     |  0   |   0   |  0   |   3    |   1   |   0    |   1    |   0    |
|       tbl_bf_1074096984_hash_1_1417_calc-gateway       |   7    |    0     |  0   |    1     |  0   |   0   |  0   |   0    |   0   |   1    |   0    |   0    |
|           tbl_bf_1074096984_hash_1_3602_calc           |   7    |    6     |  10  |    0     |  0   |   0   |  0   |   3    |   1   |   0    |   1    |   0    |
|       tbl_bf_1074096984_hash_1_3602_calc-gateway       |   7    |    0     |  0   |    1     |  0   |   0   |  0   |   0    |   0   |   1    |   0    |   0    |
|           tbl_bf_1074096984_hash_0_3602_calc           |   8    |    6     |  10  |    0     |  0   |   0   |  0   |   2    |   1   |   0    |   1    |   0    |
|       tbl_bf_1074096984_hash_0_3602_calc-gateway       |   8    |    0     |  0   |    1     |  0   |   0   |  0   |   0    |   0   |   1    |   0    |   0    |
|           tbl_bf_1074096984_hash_2_1417_calc           |   8    |    6     |  10  |    0     |  0   |   0   |  0   |   3    |   1   |   0    |   1    |   0    |
|       tbl_bf_1074096984_hash_2_1417_calc-gateway       |   8    |    0     |  0   |    1     |  0   |   0   |  0   |   0    |   0   |   1    |   0    |   0    |
|              Ingress.bf_1074096984_row_0               |   9    |    0     |  0   |    0     |  2   |   0   |  2   |   0    |   0   |   0    |   0    |   0    |
|           tbl_bf_1074096984_hash_3_1417_calc           |   9    |    6     |  10  |    0     |  0   |   0   |  0   |   3    |   1   |   0    |   1    |   0    |
|       tbl_bf_1074096984_hash_3_1417_calc-gateway       |   9    |    0     |  0   |    1     |  0   |   0   |  0   |   0    |   0   |   1    |   0    |   0    |
|      tbl_bf_1074096984_row_0_read_and_set_execute      |   9    |    2     |  10  |    0     |  0   |   0   |  0   |   1    |   1   |   0    |   1    |   0    |
|  tbl_bf_1074096984_row_0_read_and_set_execute-gateway  |   9    |    0     |  0   |    1     |  0   |   0   |  0   |   0    |   0   |   1    |   0    |   0    |
|       tbl_bf_1074096984_row_0_set_to_one_execute       |   9    |    0     |  0   |    0     |  0   |   0   |  0   |   1    |   1   |   0    |   1    |   0    |
|   tbl_bf_1074096984_row_0_set_to_one_execute-gateway   |   9    |    0     |  0   |    1     |  0   |   0   |  0   |   0    |   0   |   1    |   0    |   0    |
|              Ingress.bf_1074096984_row_1               |   10   |    0     |  0   |    0     |  2   |   0   |  2   |   0    |   0   |   0    |   0    |   0    |
|      tbl_bf_1074096984_row_1_read_and_set_execute      |   10   |    2     |  10  |    0     |  0   |   0   |  0   |   1    |   1   |   0    |   1    |   0    |
|  tbl_bf_1074096984_row_1_read_and_set_execute-gateway  |   10   |    0     |  0   |    1     |  0   |   0   |  0   |   0    |   0   |   1    |   0    |   0    |
|       tbl_bf_1074096984_row_1_set_to_one_execute       |   10   |    0     |  0   |    0     |  0   |   0   |  0   |   1    |   1   |   0    |   1    |   0    |
|   tbl_bf_1074096984_row_1_set_to_one_execute-gateway   |   10   |    0     |  0   |    1     |  0   |   0   |  0   |   0    |   0   |   1    |   0    |   0    |
|              Ingress.bf_1074096984_row_2               |   11   |    0     |  0   |    0     |  2   |   0   |  2   |   0    |   0   |   0    |   0    |   0    |
|      tbl_bf_1074096984_row_2_read_and_set_execute      |   11   |    2     |  10  |    0     |  0   |   0   |  0   |   1    |   1   |   0    |   1    |   0    |
|  tbl_bf_1074096984_row_2_read_and_set_execute-gateway  |   11   |    0     |  0   |    1     |  0   |   0   |  0   |   0    |   0   |   1    |   0    |   0    |
|       tbl_bf_1074096984_row_2_set_to_one_execute       |   11   |    0     |  0   |    0     |  0   |   0   |  0   |   1    |   1   |   0    |   1    |   0    |
|   tbl_bf_1074096984_row_2_set_to_one_execute-gateway   |   11   |    0     |  0   |    1     |  0   |   0   |  0   |   0    |   0   |   1    |   0    |   0    |
|              Ingress.bf_1074096984_row_3               |   12   |    0     |  0   |    0     |  2   |   0   |  2   |   0    |   0   |   0    |   0    |   0    |
|      tbl_bf_1074096984_row_3_read_and_set_execute      |   12   |    2     |  10  |    0     |  0   |   0   |  0   |   1    |   1   |   0    |   1    |   0    |
|  tbl_bf_1074096984_row_3_read_and_set_execute-gateway  |   12   |    0     |  0   |    1     |  0   |   0   |  0   |   0    |   0   |   1    |   0    |   0    |
|       tbl_bf_1074096984_row_3_set_to_one_execute       |   12   |    0     |  0   |    0     |  0   |   0   |  0   |   1    |   1   |   0    |   1    |   0    |
|   tbl_bf_1074096984_row_3_set_to_one_execute-gateway   |   12   |    0     |  0   |    1     |  0   |   0   |  0   |   0    |   0   |   1    |   0    |   0    |
|                        cond-27                         |   13   |    4     |  0   |    1     |  0   |   0   |  0   |   0    |   0   |   1    |   0    |   0    |
|                        cond-28                         |   13   |    4     |  0   |    1     |  0   |   0   |  0   |   0    |   0   |   1    |   0    |   0    |
|                  tbl_build_cpu_hdr_0                   |   13   |    0     |  0   |    0     |  0   |   0   |  0   |   4    |   1   |   0    |   0    |   1    |
|          tbl_psdf40000c10000zipf1hmaxtput895           |   13   |    8     |  32  |    0     |  0   |   0   |  0   |   4    |   1   |   0    |   1    |   0    |
|      tbl_psdf40000c10000zipf1hmaxtput895-gateway       |   13   |    0     |  0   |    1     |  0   |   0   |  0   |   0    |   0   |   1    |   0    |   0    |
|          tbl_psdf40000c10000zipf1hmaxtput896           |   13   |    0     |  0   |    0     |  0   |   0   |  0   |   0    |   1   |   0    |   0    |   1    |
|          tbl_psdf40000c10000zipf1hmaxtput905           |   13   |    0     |  0   |    0     |  0   |   0   |  0   |   0    |   1   |   0    |   0    |   1    |
|          Ingress.vector_table_1074126776_161           |   14   |    4     |  40  |    0     |  4   |   0   |  0   |   2    |   2   |   1    |   1    |   0    |
|          Ingress.vector_table_1074126776_186           |   14   |    4     |  40  |    0     |  4   |   0   |  0   |   2    |   2   |   1    |   1    |   0    |
|          tbl_psdf40000c10000zipf1hmaxtput893           |   14   |    0     |  0   |    0     |  0   |   0   |  0   |   0    |   1   |   0    |   0    |   1    |
|          tbl_psdf40000c10000zipf1hmaxtput792           |   15   |    0     |  0   |    0     |  0   |   0   |  0   |   0    |   1   |   0    |   0    |   1    |
|          tbl_psdf40000c10000zipf1hmaxtput920           |   15   |    0     |  0   |    0     |  0   |   0   |  0   |   0    |   1   |   0    |   0    |   1    |
|                 Ingress.forwarding_tbl                 |   16   |    7     |  0   |    0     |  1   |   2   |  0   |   6    |   4   |   0    |   0    |   1    |
|             Ingress.forwarding_tbl$action              |   16   |    0     |  0   |    0     |  1   |   0   |  0   |   0    |   0   |   0    |   0    |   0    |
-------------------------------------------------------------------------------------------------------------------------------------------------------------------

