+---------------------------------------------------------------------+
|  Log file: mau.resources.log                                        |
|  Compiler version: 9.13.4                                           |
|  Created on: Sun Jan 25 12:35:22 2026                               |
|  Run ID: 899804ea92ce4d34                                           |
+---------------------------------------------------------------------+


---------------------------------------------------------------------------------------------------------------------------------------------------------------------------------------------------------------------------------------------------------------------------------------------------------------------------------------------------------------
| Stage Number | Exact Match Input xbar | Ternary Match Input xbar | Hash Bit | Hash Dist Unit | Gateway | SRAM | Map RAM | TCAM | VLIW Instr | Meter ALU | Stats ALU | Stash | Exact Match Search Bus | Exact Match Result Bus | Tind Result Bus | Action Data Bus Bytes | 8-bit Action Slots | 16-bit Action Slots | 32-bit Action Slots | Logical TableID |
---------------------------------------------------------------------------------------------------------------------------------------------------------------------------------------------------------------------------------------------------------------------------------------------------------------------------------------------------------------
|      0       |           12           |            0             |    84    |       0        |    6    |  38  |    36   |  0   |     5      |     0     |     0     |   0   |           8            |           2            |        6        |           8           |         0          |          0          |          0          |        10       |
|      1       |           9            |            0             |    70    |       2        |    3    |  4   |    0    |  0   |     2      |     0     |     0     |   0   |           2            |           3            |        0        |           12          |         0          |          0          |          0          |        3        |
|      2       |           18           |            0             |    78    |       2        |    3    |  21  |    17   |  0   |     3      |     1     |     0     |   0   |           2            |           3            |        1        |           3           |         0          |          0          |          0          |        4        |
|      3       |           9            |            0             |    30    |       2        |    2    |  9   |    9    |  0   |     3      |     1     |     0     |   0   |           2            |           2            |        4        |           1           |         0          |          0          |          0          |        4        |
|      4       |           9            |            0             |    40    |       0        |    2    |  5   |    0    |  0   |     4      |     0     |     0     |   0   |           2            |           1            |        5        |           8           |         0          |          0          |          0          |        6        |
|      5       |           18           |            0             |    66    |       4        |    4    |  17  |    17   |  0   |     4      |     1     |     0     |   0   |           2            |           4            |        2        |           9           |         0          |          0          |          0          |        6        |
|      6       |           12           |            0             |    40    |       4        |    4    |  0   |    0    |  0   |     3      |     0     |     0     |   0   |           2            |           4            |        0        |           8           |         0          |          0          |          0          |        4        |
|      7       |           16           |            0             |    40    |       4        |    6    |  4   |    4    |  0   |     3      |     2     |     0     |   0   |           3            |           6            |        0        |           13          |         0          |          0          |          0          |        6        |
|      8       |           4            |            0             |    20    |       2        |    4    |  4   |    4    |  0   |     2      |     2     |     0     |   0   |           2            |           4            |        1        |           8           |         0          |          0          |          0          |        5        |
|      9       |           0            |            0             |    0     |       0        |    0    |  0   |    0    |  0   |     1      |     0     |     0     |   0   |           0            |           0            |        1        |           0           |         0          |          0          |          0          |        1        |
|      10      |           0            |            0             |    0     |       0        |    0    |  0   |    0    |  0   |     1      |     0     |     0     |   0   |           0            |           0            |        1        |           0           |         0          |          0          |          0          |        1        |
|      11      |           0            |            0             |    0     |       0        |    0    |  0   |    0    |  0   |     1      |     0     |     0     |   0   |           0            |           0            |        1        |           0           |         0          |          0          |          0          |        1        |
|      12      |           12           |            0             |    40    |       0        |    2    |  5   |    0    |  0   |     2      |     0     |     0     |   0   |           2            |           1            |        2        |           8           |         0          |          0          |          0          |        4        |
|      13      |           4            |            0             |    40    |       0        |    0    |  4   |    0    |  0   |     2      |     0     |     0     |   0   |           1            |           1            |        2        |           2           |         0          |          0          |          0          |        3        |
|      14      |           0            |            0             |    0     |       0        |    0    |  0   |    0    |  0   |     1      |     0     |     0     |   0   |           0            |           0            |        1        |           0           |         0          |          0          |          0          |        1        |
|      15      |           0            |            7             |    0     |       0        |    0    |  2   |    0    |  2   |     4      |     0     |     0     |   0   |           0            |           0            |        1        |           6           |         0          |          0          |          0          |        1        |
|      16      |           0            |            0             |    0     |       0        |    0    |  0   |    0    |  0   |     0      |     0     |     0     |   0   |           0            |           0            |        0        |           0           |         0          |          0          |          0          |        0        |
|      17      |           0            |            0             |    0     |       0        |    0    |  0   |    0    |  0   |     0      |     0     |     0     |   0   |           0            |           0            |        0        |           0           |         0          |          0          |          0          |        0        |
|      18      |           0            |            0             |    0     |       0        |    0    |  0   |    0    |  0   |     0      |     0     |     0     |   0   |           0            |           0            |        0        |           0           |         0          |          0          |          0          |        0        |
|      19      |           0            |            0             |    0     |       0        |    0    |  0   |    0    |  0   |     0      |     0     |     0     |   0   |           0            |           0            |        0        |           0           |         0          |          0          |          0          |        0        |
|              |                        |                          |          |                |         |      |         |      |            |           |           |       |                        |                        |                 |                       |                    |                     |                     |                 |
|    Totals    |          123           |            7             |   548    |       20       |    36   | 113  |    87   |  2   |     41     |     7     |     0     |   0   |           28           |           31           |        28       |           86          |         0          |          0          |          0          |        60       |
---------------------------------------------------------------------------------------------------------------------------------------------------------------------------------------------------------------------------------------------------------------------------------------------------------------------------------------------------------------


------------------------------------------------------------------------------------------------------------------------------------------------------------------------------------------------------------------------------------------------------------------------------------------------------------------------------------------------------------------
| Stage Number | Exact Match Input xbar | Ternary Match Input xbar | Hash Bit | Hash Dist Unit | Gateway |  SRAM  | Map RAM |  TCAM | VLIW Instr | Meter ALU | Stats ALU | Stash | Exact Match Search Bus | Exact Match Result Bus | Tind Result Bus | Action Data Bus Bytes | 8-bit Action Slots | 16-bit Action Slots | 32-bit Action Slots | Logical TableID |
------------------------------------------------------------------------------------------------------------------------------------------------------------------------------------------------------------------------------------------------------------------------------------------------------------------------------------------------------------------
|      0       |         9.38%          |          0.00%           |  20.19%  |     0.00%      |  37.50% | 47.50% |  75.00% | 0.00% |   15.62%   |   0.00%   |   0.00%   | 0.00% |         50.00%         |         12.50%         |      37.50%     |         6.25%         |       0.00%        |        0.00%        |        0.00%        |      62.50%     |
|      1       |         7.03%          |          0.00%           |  16.83%  |     33.33%     |  18.75% | 5.00%  |  0.00%  | 0.00% |   6.25%    |   0.00%   |   0.00%   | 0.00% |         12.50%         |         18.75%         |      0.00%      |         9.38%         |       0.00%        |        0.00%        |        0.00%        |      18.75%     |
|      2       |         14.06%         |          0.00%           |  18.75%  |     33.33%     |  18.75% | 26.25% |  35.42% | 0.00% |   9.38%    |   25.00%  |   0.00%   | 0.00% |         12.50%         |         18.75%         |      6.25%      |         2.34%         |       0.00%        |        0.00%        |        0.00%        |      25.00%     |
|      3       |         7.03%          |          0.00%           |  7.21%   |     33.33%     |  12.50% | 11.25% |  18.75% | 0.00% |   9.38%    |   25.00%  |   0.00%   | 0.00% |         12.50%         |         12.50%         |      25.00%     |         0.78%         |       0.00%        |        0.00%        |        0.00%        |      25.00%     |
|      4       |         7.03%          |          0.00%           |  9.62%   |     0.00%      |  12.50% | 6.25%  |  0.00%  | 0.00% |   12.50%   |   0.00%   |   0.00%   | 0.00% |         12.50%         |         6.25%          |      31.25%     |         6.25%         |       0.00%        |        0.00%        |        0.00%        |      37.50%     |
|      5       |         14.06%         |          0.00%           |  15.87%  |     66.67%     |  25.00% | 21.25% |  35.42% | 0.00% |   12.50%   |   25.00%  |   0.00%   | 0.00% |         12.50%         |         25.00%         |      12.50%     |         7.03%         |       0.00%        |        0.00%        |        0.00%        |      37.50%     |
|      6       |         9.38%          |          0.00%           |  9.62%   |     66.67%     |  25.00% | 0.00%  |  0.00%  | 0.00% |   9.38%    |   0.00%   |   0.00%   | 0.00% |         12.50%         |         25.00%         |      0.00%      |         6.25%         |       0.00%        |        0.00%        |        0.00%        |      25.00%     |
|      7       |         12.50%         |          0.00%           |  9.62%   |     66.67%     |  37.50% | 5.00%  |  8.33%  | 0.00% |   9.38%    |   50.00%  |   0.00%   | 0.00% |         18.75%         |         37.50%         |      0.00%      |         10.16%        |       0.00%        |        0.00%        |        0.00%        |      37.50%     |
|      8       |         3.12%          |          0.00%           |  4.81%   |     33.33%     |  25.00% | 5.00%  |  8.33%  | 0.00% |   6.25%    |   50.00%  |   0.00%   | 0.00% |         12.50%         |         25.00%         |      6.25%      |         6.25%         |       0.00%        |        0.00%        |        0.00%        |      31.25%     |
|      9       |         0.00%          |          0.00%           |  0.00%   |     0.00%      |  0.00%  | 0.00%  |  0.00%  | 0.00% |   3.12%    |   0.00%   |   0.00%   | 0.00% |         0.00%          |         0.00%          |      6.25%      |         0.00%         |       0.00%        |        0.00%        |        0.00%        |      6.25%      |
|      10      |         0.00%          |          0.00%           |  0.00%   |     0.00%      |  0.00%  | 0.00%  |  0.00%  | 0.00% |   3.12%    |   0.00%   |   0.00%   | 0.00% |         0.00%          |         0.00%          |      6.25%      |         0.00%         |       0.00%        |        0.00%        |        0.00%        |      6.25%      |
|      11      |         0.00%          |          0.00%           |  0.00%   |     0.00%      |  0.00%  | 0.00%  |  0.00%  | 0.00% |   3.12%    |   0.00%   |   0.00%   | 0.00% |         0.00%          |         0.00%          |      6.25%      |         0.00%         |       0.00%        |        0.00%        |        0.00%        |      6.25%      |
|      12      |         9.38%          |          0.00%           |  9.62%   |     0.00%      |  12.50% | 6.25%  |  0.00%  | 0.00% |   6.25%    |   0.00%   |   0.00%   | 0.00% |         12.50%         |         6.25%          |      12.50%     |         6.25%         |       0.00%        |        0.00%        |        0.00%        |      25.00%     |
|      13      |         3.12%          |          0.00%           |  9.62%   |     0.00%      |  0.00%  | 5.00%  |  0.00%  | 0.00% |   6.25%    |   0.00%   |   0.00%   | 0.00% |         6.25%          |         6.25%          |      12.50%     |         1.56%         |       0.00%        |        0.00%        |        0.00%        |      18.75%     |
|      14      |         0.00%          |          0.00%           |  0.00%   |     0.00%      |  0.00%  | 0.00%  |  0.00%  | 0.00% |   3.12%    |   0.00%   |   0.00%   | 0.00% |         0.00%          |         0.00%          |      6.25%      |         0.00%         |       0.00%        |        0.00%        |        0.00%        |      6.25%      |
|      15      |         0.00%          |          10.61%          |  0.00%   |     0.00%      |  0.00%  | 2.50%  |  0.00%  | 8.33% |   12.50%   |   0.00%   |   0.00%   | 0.00% |         0.00%          |         0.00%          |      6.25%      |         4.69%         |       0.00%        |        0.00%        |        0.00%        |      6.25%      |
|      16      |         0.00%          |          0.00%           |  0.00%   |     0.00%      |  0.00%  | 0.00%  |  0.00%  | 0.00% |   0.00%    |   0.00%   |   0.00%   | 0.00% |         0.00%          |         0.00%          |      0.00%      |         0.00%         |       0.00%        |        0.00%        |        0.00%        |      0.00%      |
|      17      |         0.00%          |          0.00%           |  0.00%   |     0.00%      |  0.00%  | 0.00%  |  0.00%  | 0.00% |   0.00%    |   0.00%   |   0.00%   | 0.00% |         0.00%          |         0.00%          |      0.00%      |         0.00%         |       0.00%        |        0.00%        |        0.00%        |      0.00%      |
|      18      |         0.00%          |          0.00%           |  0.00%   |     0.00%      |  0.00%  | 0.00%  |  0.00%  | 0.00% |   0.00%    |   0.00%   |   0.00%   | 0.00% |         0.00%          |         0.00%          |      0.00%      |         0.00%         |       0.00%        |        0.00%        |        0.00%        |      0.00%      |
|      19      |         0.00%          |          0.00%           |  0.00%   |     0.00%      |  0.00%  | 0.00%  |  0.00%  | 0.00% |   0.00%    |   0.00%   |   0.00%   | 0.00% |         0.00%          |         0.00%          |      0.00%      |         0.00%         |       0.00%        |        0.00%        |        0.00%        |      0.00%      |
|              |                        |                          |          |                |         |        |         |       |            |           |           |       |                        |                        |                 |                       |                    |                     |                     |                 |
|   Average    |         6.01%          |          0.66%           |  8.23%   |     20.83%     |  14.06% | 8.83%  |  11.33% | 0.52% |   8.01%    |   10.94%  |   0.00%   | 0.00% |         10.94%         |         12.11%         |      10.94%     |         4.20%         |       0.00%        |        0.00%        |        0.00%        |      23.44%     |
------------------------------------------------------------------------------------------------------------------------------------------------------------------------------------------------------------------------------------------------------------------------------------------------------------------------------------------------------------------


Allocated Resource Usage
-----------------------------------------------------------------------------------------------------------------------------------------------------------------
|                        Table                         | Stage  | Crossbar | Hash | Gateways | RAMs | TCAMs | Map  | Action |  VLIW |  Exm   |  Exm   |  Tind  |
|                         Name                         | Number |  Bytes   | Bits |          |      |       | RAMs |  Data  | Slots | Search | Result | Result |
|                                                      |        |          |      |          |      |       |      |  Bus   |       |  Bus   |  Bus   |  Bus   |
|                                                      |        |          |      |          |      |       |      | Bytes  |       |        |        |        |
-----------------------------------------------------------------------------------------------------------------------------------------------------------------
|             IngressParser.$PORT_METADATA             |   -1   |    0     |  0   |    0     |  0   |   0   |  0   |   0    |   0   |   0    |   0    |   0    |
|         Ingress.fcfs_ct_1074048392_table_145         |   0    |    4     |  44  |    0     |  16  |   0   |  36  |   4    |   2   |   1    |   1    |   0    |
|     Ingress.fcfs_ct_1074048392_table_145$action      |   0    |    0     |  0   |    0     |  18  |   0   |  0   |   0    |   0   |   0    |   0    |   0    |
|            Ingress.ingress_port_to_nf_dev            |   0    |    2     |  40  |    0     |  4   |   0   |  0   |   4    |   3   |   1    |   1    |   0    |
|                       cond-15                        |   0    |    2     |  0   |    1     |  0   |   0   |  0   |   0    |   0   |   1    |   0    |   0    |
|                       cond-16                        |   0    |    1     |  0   |    1     |  0   |   0   |  0   |   0    |   0   |   1    |   0    |   0    |
|                       cond-17                        |   0    |    2     |  0   |    1     |  0   |   0   |  0   |   0    |   0   |   1    |   0    |   0    |
|                       cond-18                        |   0    |    1     |  0   |    1     |  0   |   0   |  0   |   0    |   0   |   1    |   0    |   0    |
|                       cond-23                        |   0    |    1     |  0   |    1     |  0   |   0   |  0   |   0    |   0   |   1    |   0    |   0    |
|                       cond-24                        |   0    |    1     |  0   |    1     |  0   |   0   |  0   |   0    |   0   |   1    |   0    |   1    |
|                       tbl_act                        |   0    |    0     |  0   |    0     |  0   |   0   |  0   |   0    |   1   |   0    |   0    |   1    |
|        tbl_psdf40000c10000zipf0_2hmaxtput718         |   0    |    0     |  0   |    0     |  0   |   0   |  0   |   0    |   1   |   0    |   0    |   1    |
|        tbl_psdf40000c10000zipf0_2hmaxtput728         |   0    |    0     |  0   |    0     |  0   |   0   |  0   |   0    |   1   |   0    |   0    |   1    |
|        tbl_psdf40000c10000zipf0_2hmaxtput876         |   0    |    0     |  0   |    0     |  0   |   0   |  0   |   0    |   1   |   0    |   0    |   1    |
|        tbl_psdf40000c10000zipf0_2hmaxtput939         |   0    |    0     |  0   |    0     |  0   |   0   |  0   |   0    |   1   |   0    |   0    |   1    |
|         Ingress.vector_table_1074109560_142          |   1    |    4     |  40  |    0     |  4   |   0   |  0   |   4    |   2   |   1    |   1    |   0    |
|                       cond-27                        |   1    |    1     |  0   |    1     |  0   |   0   |  0   |   0    |   0   |   1    |   0    |   0    |
|         tbl_fcfs_ct_1074048392_hash_145_calc         |   1    |    4     |  15  |    0     |  0   |   0   |  0   |   4    |   1   |   0    |   1    |   0    |
|     tbl_fcfs_ct_1074048392_hash_145_calc-gateway     |   1    |    0     |  0   |    1     |  0   |   0   |  0   |   0    |   0   |   1    |   0    |   0    |
|         tbl_fcfs_ct_1074048392_hash_147_calc         |   1    |    4     |  15  |    0     |  0   |   0   |  0   |   4    |   1   |   0    |   1    |   0    |
|     tbl_fcfs_ct_1074048392_hash_147_calc-gateway     |   1    |    0     |  0   |    1     |  0   |   0   |  0   |   0    |   0   |   1    |   0    |   0    |
|       Ingress.fcfs_ct_1074048392_reg_liveness        |   2    |    4     |  0   |    0     |  17  |   0   |  17  |   0    |   0   |   0    |   0    |   0    |
|         Ingress.vector_table_1074126776_192          |   2    |    4     |  40  |    0     |  4   |   0   |  0   |   2    |   2   |   1    |   1    |   0    |
|                       cond-28                        |   2    |    4     |  0   |    1     |  0   |   0   |  0   |   0    |   0   |   1    |   0    |   0    |
|                 tbl_build_recirc_hdr                 |   2    |    0     |  0   |    0     |  0   |   0   |  0   |   0    |   1   |   0    |   0    |   1    |
|        tbl_psdf40000c10000zipf0_2hmaxtput731         |   2    |    2     |  15  |    0     |  0   |   0   |  0   |   1    |   1   |   0    |   1    |   0    |
|    tbl_psdf40000c10000zipf0_2hmaxtput731-gateway     |   2    |    0     |  0   |    1     |  0   |   0   |  0   |   0    |   0   |   1    |   0    |   0    |
|        tbl_psdf40000c10000zipf0_2hmaxtput879         |   2    |    4     |  23  |    0     |  0   |   0   |  0   |   1    |   1   |   0    |   1    |   0    |
|    tbl_psdf40000c10000zipf0_2hmaxtput879-gateway     |   2    |    0     |  0   |    1     |  0   |   0   |  0   |   0    |   0   |   1    |   0    |   0    |
|         Ingress.fcfs_ct_1074048392_reg_key_0         |   3    |    4     |  0   |    0     |  9   |   0   |  9   |   0    |   0   |   0    |   0    |   0    |
|                       cond-21                        |   3    |    1     |  0   |    1     |  0   |   0   |  0   |   0    |   0   |   1    |   0    |   1    |
|                       cond-25                        |   3    |    2     |  0   |    1     |  0   |   0   |  0   |   0    |   0   |   1    |   0    |   1    |
|           tbl_fcfs_ct_1074048392_check_key           |   3    |    2     |  15  |    0     |  0   |   0   |  0   |   1    |   1   |   0    |   1    |   0    |
|        tbl_psdf40000c10000zipf0_2hmaxtput733         |   3    |    2     |  15  |    0     |  0   |   0   |  0   |   1    |   1   |   0    |   1    |   0    |
|        tbl_psdf40000c10000zipf0_2hmaxtput906         |   3    |    0     |  0   |    0     |  0   |   0   |  0   |   0    |   1   |   0    |   0    |   1    |
|        tbl_psdf40000c10000zipf0_2hmaxtput922         |   3    |    0     |  0   |    0     |  0   |   0   |  0   |   0    |   1   |   0    |   0    |   1    |
|         Ingress.vector_table_1074126776_161          |   4    |    4     |  40  |    0     |  4   |   0   |  0   |   2    |   2   |   1    |   1    |   0    |
|                       cond-22                        |   4    |    4     |  0   |    1     |  0   |   0   |  0   |   0    |   0   |   1    |   0    |   0    |
|                       cond-26                        |   4    |    1     |  0   |    1     |  0   |   0   |  0   |   0    |   0   |   1    |   0    |   0    |
|                 tbl_build_cpu_hdr_0                  |   4    |    0     |  0   |    0     |  0   |   0   |  0   |   6    |   1   |   0    |   0    |   1    |
|              tbl_build_cpu_hdr_0$action              |   4    |    0     |  0   |    0     |  1   |   0   |  0   |   0    |   0   |   0    |   0    |   0    |
|        tbl_psdf40000c10000zipf0_2hmaxtput743         |   4    |    0     |  0   |    0     |  0   |   0   |  0   |   0    |   1   |   0    |   0    |   1    |
|        tbl_psdf40000c10000zipf0_2hmaxtput763         |   4    |    0     |  0   |    0     |  0   |   0   |  0   |   0    |   1   |   0    |   0    |   1    |
|        tbl_psdf40000c10000zipf0_2hmaxtput775         |   4    |    0     |  0   |    0     |  0   |   0   |  0   |   0    |   1   |   0    |   0    |   1    |
|        tbl_psdf40000c10000zipf0_2hmaxtput883         |   4    |    0     |  0   |    0     |  0   |   0   |  0   |   0    |   1   |   0    |   0    |   1    |
|         Ingress.vector_register_1074079432_0         |   5    |    4     |  0   |    0     |  17  |   0   |  17  |   0    |   0   |   0    |   0    |   0    |
|          tbl_bf_1074096984_hash_1_2535_calc          |   5    |    6     |  10  |    0     |  0   |   0   |  0   |   2    |   1   |   0    |   1    |   0    |
|      tbl_bf_1074096984_hash_1_2535_calc-gateway      |   5    |    0     |  0   |    1     |  0   |   0   |  0   |   0    |   0   |   1    |   0    |   0    |
|          tbl_bf_1074096984_hash_3_2535_calc          |   5    |    6     |  10  |    0     |  0   |   0   |  0   |   3    |   1   |   0    |   1    |   0    |
|      tbl_bf_1074096984_hash_3_2535_calc-gateway      |   5    |    0     |  0   |    1     |  0   |   0   |  0   |   0    |   0   |   1    |   0    |   0    |
|        tbl_psdf40000c10000zipf0_2hmaxtput764         |   5    |    4     |  23  |    0     |  0   |   0   |  0   |   4    |   1   |   0    |   1    |   0    |
|    tbl_psdf40000c10000zipf0_2hmaxtput764-gateway     |   5    |    0     |  0   |    1     |  0   |   0   |  0   |   0    |   0   |   1    |   0    |   0    |
|        tbl_psdf40000c10000zipf0_2hmaxtput773         |   5    |    0     |  0   |    0     |  0   |   0   |  0   |   0    |   1   |   0    |   0    |   1    |
|        tbl_psdf40000c10000zipf0_2hmaxtput785         |   5    |    4     |  23  |    0     |  0   |   0   |  0   |   4    |   1   |   0    |   1    |   0    |
|    tbl_psdf40000c10000zipf0_2hmaxtput785-gateway     |   5    |    0     |  0   |    1     |  0   |   0   |  0   |   0    |   0   |   1    |   0    |   0    |
|        tbl_psdf40000c10000zipf0_2hmaxtput908         |   5    |    0     |  0   |    0     |  0   |   0   |  0   |   0    |   1   |   0    |   0    |   1    |
|          tbl_bf_1074096984_hash_0_1246_calc          |   6    |    6     |  10  |    0     |  0   |   0   |  0   |   2    |   1   |   0    |   1    |   0    |
|      tbl_bf_1074096984_hash_0_1246_calc-gateway      |   6    |    0     |  0   |    1     |  0   |   0   |  0   |   0    |   0   |   1    |   0    |   0    |
|          tbl_bf_1074096984_hash_0_2535_calc          |   6    |    6     |  10  |    0     |  0   |   0   |  0   |   2    |   1   |   0    |   1    |   0    |
|      tbl_bf_1074096984_hash_0_2535_calc-gateway      |   6    |    0     |  0   |    1     |  0   |   0   |  0   |   0    |   0   |   1    |   0    |   0    |
|          tbl_bf_1074096984_hash_2_1246_calc          |   6    |    6     |  10  |    0     |  0   |   0   |  0   |   2    |   1   |   0    |   1    |   0    |
|      tbl_bf_1074096984_hash_2_1246_calc-gateway      |   6    |    0     |  0   |    1     |  0   |   0   |  0   |   0    |   0   |   1    |   0    |   0    |
|          tbl_bf_1074096984_hash_2_2535_calc          |   6    |    6     |  10  |    0     |  0   |   0   |  0   |   2    |   1   |   0    |   1    |   0    |
|      tbl_bf_1074096984_hash_2_2535_calc-gateway      |   6    |    0     |  0   |    1     |  0   |   0   |  0   |   0    |   0   |   1    |   0    |   0    |
|             Ingress.bf_1074096984_row_0              |   7    |    0     |  0   |    0     |  2   |   0   |  2   |   0    |   0   |   0    |   0    |   0    |
|             Ingress.bf_1074096984_row_2              |   7    |    0     |  0   |    0     |  2   |   0   |  2   |   0    |   0   |   0    |   0    |   0    |
|          tbl_bf_1074096984_hash_1_1246_calc          |   7    |    6     |  10  |    0     |  0   |   0   |  0   |   2    |   1   |   0    |   1    |   0    |
|      tbl_bf_1074096984_hash_1_1246_calc-gateway      |   7    |    0     |  0   |    1     |  0   |   0   |  0   |   0    |   0   |   1    |   0    |   0    |
|          tbl_bf_1074096984_hash_3_1246_calc          |   7    |    6     |  10  |    0     |  0   |   0   |  0   |   3    |   1   |   0    |   1    |   0    |
|      tbl_bf_1074096984_hash_3_1246_calc-gateway      |   7    |    0     |  0   |    1     |  0   |   0   |  0   |   0    |   0   |   1    |   0    |   0    |
|     tbl_bf_1074096984_row_0_read_and_set_execute     |   7    |    2     |  10  |    0     |  0   |   0   |  0   |   4    |   1   |   0    |   1    |   0    |
| tbl_bf_1074096984_row_0_read_and_set_execute-gateway |   7    |    0     |  0   |    1     |  0   |   0   |  0   |   0    |   0   |   1    |   0    |   0    |
|      tbl_bf_1074096984_row_0_set_to_one_execute      |   7    |    0     |  0   |    0     |  0   |   0   |  0   |   4    |   1   |   0    |   1    |   0    |
|  tbl_bf_1074096984_row_0_set_to_one_execute-gateway  |   7    |    0     |  0   |    1     |  0   |   0   |  0   |   0    |   0   |   1    |   0    |   0    |
|     tbl_bf_1074096984_row_2_read_and_set_execute     |   7    |    2     |  10  |    0     |  0   |   0   |  0   |   4    |   1   |   0    |   1    |   0    |
| tbl_bf_1074096984_row_2_read_and_set_execute-gateway |   7    |    0     |  0   |    1     |  0   |   0   |  0   |   0    |   0   |   1    |   0    |   0    |
|      tbl_bf_1074096984_row_2_set_to_one_execute      |   7    |    0     |  0   |    0     |  0   |   0   |  0   |   4    |   1   |   0    |   1    |   0    |
|  tbl_bf_1074096984_row_2_set_to_one_execute-gateway  |   7    |    0     |  0   |    1     |  0   |   0   |  0   |   0    |   0   |   1    |   0    |   0    |
|             Ingress.bf_1074096984_row_1              |   8    |    0     |  0   |    0     |  2   |   0   |  2   |   0    |   0   |   0    |   0    |   0    |
|             Ingress.bf_1074096984_row_3              |   8    |    0     |  0   |    0     |  2   |   0   |  2   |   0    |   0   |   0    |   0    |   0    |
|     tbl_bf_1074096984_row_1_read_and_set_execute     |   8    |    2     |  10  |    0     |  0   |   0   |  0   |   4    |   1   |   0    |   1    |   0    |
| tbl_bf_1074096984_row_1_read_and_set_execute-gateway |   8    |    0     |  0   |    1     |  0   |   0   |  0   |   0    |   0   |   1    |   0    |   0    |
|      tbl_bf_1074096984_row_1_set_to_one_execute      |   8    |    0     |  0   |    0     |  0   |   0   |  0   |   4    |   1   |   0    |   1    |   0    |
|  tbl_bf_1074096984_row_1_set_to_one_execute-gateway  |   8    |    0     |  0   |    1     |  0   |   0   |  0   |   0    |   0   |   1    |   0    |   0    |
|     tbl_bf_1074096984_row_3_read_and_set_execute     |   8    |    2     |  10  |    0     |  0   |   0   |  0   |   4    |   1   |   0    |   1    |   0    |
| tbl_bf_1074096984_row_3_read_and_set_execute-gateway |   8    |    0     |  0   |    1     |  0   |   0   |  0   |   0    |   0   |   1    |   0    |   0    |
|      tbl_bf_1074096984_row_3_set_to_one_execute      |   8    |    0     |  0   |    0     |  0   |   0   |  0   |   4    |   1   |   0    |   1    |   0    |
|  tbl_bf_1074096984_row_3_set_to_one_execute-gateway  |   8    |    0     |  0   |    1     |  0   |   0   |  0   |   0    |   0   |   1    |   0    |   0    |
|        tbl_psdf40000c10000zipf0_2hmaxtput799         |   8    |    0     |  0   |    0     |  0   |   0   |  0   |   0    |   1   |   0    |   0    |   1    |
|        tbl_psdf40000c10000zipf0_2hmaxtput800         |   9    |    0     |  0   |    0     |  0   |   0   |  0   |   0    |   1   |   0    |   0    |   1    |
|        tbl_psdf40000c10000zipf0_2hmaxtput801         |   10   |    0     |  0   |    0     |  0   |   0   |  0   |   0    |   1   |   0    |   0    |   1    |
|        tbl_psdf40000c10000zipf0_2hmaxtput802         |   11   |    0     |  0   |    0     |  0   |   0   |  0   |   0    |   1   |   0    |   0    |   1    |
|         Ingress.vector_table_1074126776_174          |   12   |    4     |  40  |    0     |  4   |   0   |  0   |   2    |   2   |   1    |   1    |   0    |
|                       cond-19                        |   12   |    4     |  0   |    1     |  0   |   0   |  0   |   0    |   0   |   1    |   0    |   0    |
|                       cond-20                        |   12   |    4     |  0   |    1     |  0   |   0   |  0   |   0    |   0   |   1    |   0    |   0    |
|                  tbl_build_cpu_hdr                   |   12   |    0     |  0   |    0     |  0   |   0   |  0   |   6    |   1   |   0    |   0    |   1    |
|               tbl_build_cpu_hdr$action               |   12   |    0     |  0   |    0     |  1   |   0   |  0   |   0    |   0   |   0    |   0    |   0    |
|        tbl_psdf40000c10000zipf0_2hmaxtput839         |   12   |    0     |  0   |    0     |  0   |   0   |  0   |   0    |   1   |   0    |   0    |   1    |
|         Ingress.vector_table_1074126776_186          |   13   |    4     |  40  |    0     |  4   |   0   |  0   |   2    |   2   |   1    |   1    |   0    |
|        tbl_psdf40000c10000zipf0_2hmaxtput823         |   13   |    0     |  0   |    0     |  0   |   0   |  0   |   0    |   1   |   0    |   0    |   1    |
|        tbl_psdf40000c10000zipf0_2hmaxtput825         |   13   |    0     |  0   |    0     |  0   |   0   |  0   |   0    |   1   |   0    |   0    |   1    |
|        tbl_psdf40000c10000zipf0_2hmaxtput854         |   14   |    0     |  0   |    0     |  0   |   0   |  0   |   0    |   1   |   0    |   0    |   1    |
|                Ingress.forwarding_tbl                |   15   |    7     |  0   |    0     |  1   |   2   |  0   |   6    |   4   |   0    |   0    |   1    |
|            Ingress.forwarding_tbl$action             |   15   |    0     |  0   |    0     |  1   |   0   |  0   |   0    |   0   |   0    |   0    |   0    |
-----------------------------------------------------------------------------------------------------------------------------------------------------------------

