+---------------------------------------------------------------------+
|  Log file: mau.resources.log                                        |
|  Compiler version: 9.13.4                                           |
|  Created on: Sat Jan 31 20:28:52 2026                               |
|  Run ID: ba4e2eae881e4137                                           |
+---------------------------------------------------------------------+


---------------------------------------------------------------------------------------------------------------------------------------------------------------------------------------------------------------------------------------------------------------------------------------------------------------------------------------------------------------
| Stage Number | Exact Match Input xbar | Ternary Match Input xbar | Hash Bit | Hash Dist Unit | Gateway | SRAM | Map RAM | TCAM | VLIW Instr | Meter ALU | Stats ALU | Stash | Exact Match Search Bus | Exact Match Result Bus | Tind Result Bus | Action Data Bus Bytes | 8-bit Action Slots | 16-bit Action Slots | 32-bit Action Slots | Logical TableID |
---------------------------------------------------------------------------------------------------------------------------------------------------------------------------------------------------------------------------------------------------------------------------------------------------------------------------------------------------------------
|      0       |           11           |            0             |    84    |       0        |    5    |  38  |    36   |  0   |     5      |     0     |     0     |   0   |           6            |           2            |        6        |           8           |         0          |          0          |          0          |        9        |
|      1       |           9            |            0             |    70    |       2        |    3    |  4   |    0    |  0   |     2      |     0     |     0     |   0   |           2            |           3            |        0        |           12          |         0          |          0          |          0          |        3        |
|      2       |           18           |            0             |    78    |       2        |    3    |  21  |    17   |  0   |     2      |     1     |     0     |   0   |           2            |           3            |        0        |           5           |         0          |          0          |          0          |        3        |
|      3       |           11           |            0             |    30    |       2        |    2    |  9   |    9    |  0   |     2      |     1     |     0     |   0   |           2            |           2            |        3        |           1           |         0          |          0          |          0          |        3        |
|      4       |           9            |            0             |    40    |       0        |    2    |  5   |    0    |  0   |     3      |     0     |     0     |   0   |           2            |           1            |        4        |           12          |         0          |          0          |          0          |        5        |
|      5       |           13           |            0             |    46    |       2        |    2    |  17  |    17   |  0   |     4      |     1     |     0     |   0   |           1            |           2            |        5        |           4           |         0          |          0          |          0          |        6        |
|      6       |           6            |            0             |    20    |       2        |    2    |  0   |    0    |  0   |     2      |     0     |     0     |   0   |           1            |           2            |        1        |           5           |         0          |          0          |          0          |        3        |
|      7       |           6            |            0             |    20    |       2        |    2    |  0   |    0    |  0   |     2      |     0     |     0     |   0   |           1            |           2            |        0        |           6           |         0          |          0          |          0          |        2        |
|      8       |           6            |            0             |    20    |       2        |    2    |  0   |    0    |  0   |     2      |     0     |     0     |   0   |           1            |           2            |        0        |           6           |         0          |          0          |          0          |        2        |
|      9       |           6            |            0             |    20    |       2        |    2    |  0   |    0    |  0   |     2      |     0     |     0     |   0   |           1            |           2            |        0        |           5           |         0          |          0          |          0          |        2        |
|      10      |           2            |            0             |    10    |       1        |    2    |  2   |    2    |  0   |     1      |     1     |     0     |   0   |           1            |           2            |        0        |           4           |         0          |          0          |          0          |        2        |
|      11      |           2            |            0             |    10    |       1        |    2    |  2   |    2    |  0   |     1      |     1     |     0     |   0   |           1            |           2            |        0        |           4           |         0          |          0          |          0          |        2        |
|      12      |           2            |            0             |    10    |       1        |    2    |  2   |    2    |  0   |     1      |     1     |     0     |   0   |           1            |           2            |        0        |           4           |         0          |          0          |          0          |        2        |
|      13      |           2            |            0             |    10    |       1        |    2    |  2   |    2    |  0   |     1      |     1     |     0     |   0   |           1            |           2            |        0        |           4           |         0          |          0          |          0          |        2        |
|      14      |           16           |            0             |    80    |       0        |    2    |  9   |    0    |  0   |     3      |     0     |     0     |   0   |           3            |           2            |        2        |           14          |         0          |          0          |          0          |        4        |
|      15      |           0            |            0             |    0     |       0        |    0    |  0   |    0    |  0   |     2      |     0     |     0     |   0   |           0            |           0            |        3        |           0           |         0          |          0          |          0          |        3        |
|      16      |           0            |            7             |    0     |       0        |    0    |  2   |    0    |  2   |     4      |     0     |     0     |   0   |           0            |           0            |        1        |           6           |         0          |          0          |          0          |        1        |
|      17      |           0            |            0             |    0     |       0        |    0    |  0   |    0    |  0   |     0      |     0     |     0     |   0   |           0            |           0            |        0        |           0           |         0          |          0          |          0          |        0        |
|      18      |           0            |            0             |    0     |       0        |    0    |  0   |    0    |  0   |     0      |     0     |     0     |   0   |           0            |           0            |        0        |           0           |         0          |          0          |          0          |        0        |
|      19      |           0            |            0             |    0     |       0        |    0    |  0   |    0    |  0   |     0      |     0     |     0     |   0   |           0            |           0            |        0        |           0           |         0          |          0          |          0          |        0        |
|              |                        |                          |          |                |         |      |         |      |            |           |           |       |                        |                        |                 |                       |                    |                     |                     |                 |
|    Totals    |          119           |            7             |   548    |       20       |    35   | 113  |    87   |  2   |     39     |     7     |     0     |   0   |           26           |           31           |        25       |          100          |         0          |          0          |          0          |        54       |
---------------------------------------------------------------------------------------------------------------------------------------------------------------------------------------------------------------------------------------------------------------------------------------------------------------------------------------------------------------


------------------------------------------------------------------------------------------------------------------------------------------------------------------------------------------------------------------------------------------------------------------------------------------------------------------------------------------------------------------
| Stage Number | Exact Match Input xbar | Ternary Match Input xbar | Hash Bit | Hash Dist Unit | Gateway |  SRAM  | Map RAM |  TCAM | VLIW Instr | Meter ALU | Stats ALU | Stash | Exact Match Search Bus | Exact Match Result Bus | Tind Result Bus | Action Data Bus Bytes | 8-bit Action Slots | 16-bit Action Slots | 32-bit Action Slots | Logical TableID |
------------------------------------------------------------------------------------------------------------------------------------------------------------------------------------------------------------------------------------------------------------------------------------------------------------------------------------------------------------------
|      0       |         8.59%          |          0.00%           |  20.19%  |     0.00%      |  31.25% | 47.50% |  75.00% | 0.00% |   15.62%   |   0.00%   |   0.00%   | 0.00% |         37.50%         |         12.50%         |      37.50%     |         6.25%         |       0.00%        |        0.00%        |        0.00%        |      56.25%     |
|      1       |         7.03%          |          0.00%           |  16.83%  |     33.33%     |  18.75% | 5.00%  |  0.00%  | 0.00% |   6.25%    |   0.00%   |   0.00%   | 0.00% |         12.50%         |         18.75%         |      0.00%      |         9.38%         |       0.00%        |        0.00%        |        0.00%        |      18.75%     |
|      2       |         14.06%         |          0.00%           |  18.75%  |     33.33%     |  18.75% | 26.25% |  35.42% | 0.00% |   6.25%    |   25.00%  |   0.00%   | 0.00% |         12.50%         |         18.75%         |      0.00%      |         3.91%         |       0.00%        |        0.00%        |        0.00%        |      18.75%     |
|      3       |         8.59%          |          0.00%           |  7.21%   |     33.33%     |  12.50% | 11.25% |  18.75% | 0.00% |   6.25%    |   25.00%  |   0.00%   | 0.00% |         12.50%         |         12.50%         |      18.75%     |         0.78%         |       0.00%        |        0.00%        |        0.00%        |      18.75%     |
|      4       |         7.03%          |          0.00%           |  9.62%   |     0.00%      |  12.50% | 6.25%  |  0.00%  | 0.00% |   9.38%    |   0.00%   |   0.00%   | 0.00% |         12.50%         |         6.25%          |      25.00%     |         9.38%         |       0.00%        |        0.00%        |        0.00%        |      31.25%     |
|      5       |         10.16%         |          0.00%           |  11.06%  |     33.33%     |  12.50% | 21.25% |  35.42% | 0.00% |   12.50%   |   25.00%  |   0.00%   | 0.00% |         6.25%          |         12.50%         |      31.25%     |         3.12%         |       0.00%        |        0.00%        |        0.00%        |      37.50%     |
|      6       |         4.69%          |          0.00%           |  4.81%   |     33.33%     |  12.50% | 0.00%  |  0.00%  | 0.00% |   6.25%    |   0.00%   |   0.00%   | 0.00% |         6.25%          |         12.50%         |      6.25%      |         3.91%         |       0.00%        |        0.00%        |        0.00%        |      18.75%     |
|      7       |         4.69%          |          0.00%           |  4.81%   |     33.33%     |  12.50% | 0.00%  |  0.00%  | 0.00% |   6.25%    |   0.00%   |   0.00%   | 0.00% |         6.25%          |         12.50%         |      0.00%      |         4.69%         |       0.00%        |        0.00%        |        0.00%        |      12.50%     |
|      8       |         4.69%          |          0.00%           |  4.81%   |     33.33%     |  12.50% | 0.00%  |  0.00%  | 0.00% |   6.25%    |   0.00%   |   0.00%   | 0.00% |         6.25%          |         12.50%         |      0.00%      |         4.69%         |       0.00%        |        0.00%        |        0.00%        |      12.50%     |
|      9       |         4.69%          |          0.00%           |  4.81%   |     33.33%     |  12.50% | 0.00%  |  0.00%  | 0.00% |   6.25%    |   0.00%   |   0.00%   | 0.00% |         6.25%          |         12.50%         |      0.00%      |         3.91%         |       0.00%        |        0.00%        |        0.00%        |      12.50%     |
|      10      |         1.56%          |          0.00%           |  2.40%   |     16.67%     |  12.50% | 2.50%  |  4.17%  | 0.00% |   3.12%    |   25.00%  |   0.00%   | 0.00% |         6.25%          |         12.50%         |      0.00%      |         3.12%         |       0.00%        |        0.00%        |        0.00%        |      12.50%     |
|      11      |         1.56%          |          0.00%           |  2.40%   |     16.67%     |  12.50% | 2.50%  |  4.17%  | 0.00% |   3.12%    |   25.00%  |   0.00%   | 0.00% |         6.25%          |         12.50%         |      0.00%      |         3.12%         |       0.00%        |        0.00%        |        0.00%        |      12.50%     |
|      12      |         1.56%          |          0.00%           |  2.40%   |     16.67%     |  12.50% | 2.50%  |  4.17%  | 0.00% |   3.12%    |   25.00%  |   0.00%   | 0.00% |         6.25%          |         12.50%         |      0.00%      |         3.12%         |       0.00%        |        0.00%        |        0.00%        |      12.50%     |
|      13      |         1.56%          |          0.00%           |  2.40%   |     16.67%     |  12.50% | 2.50%  |  4.17%  | 0.00% |   3.12%    |   25.00%  |   0.00%   | 0.00% |         6.25%          |         12.50%         |      0.00%      |         3.12%         |       0.00%        |        0.00%        |        0.00%        |      12.50%     |
|      14      |         12.50%         |          0.00%           |  19.23%  |     0.00%      |  12.50% | 11.25% |  0.00%  | 0.00% |   9.38%    |   0.00%   |   0.00%   | 0.00% |         18.75%         |         12.50%         |      12.50%     |         10.94%        |       0.00%        |        0.00%        |        0.00%        |      25.00%     |
|      15      |         0.00%          |          0.00%           |  0.00%   |     0.00%      |  0.00%  | 0.00%  |  0.00%  | 0.00% |   6.25%    |   0.00%   |   0.00%   | 0.00% |         0.00%          |         0.00%          |      18.75%     |         0.00%         |       0.00%        |        0.00%        |        0.00%        |      18.75%     |
|      16      |         0.00%          |          10.61%          |  0.00%   |     0.00%      |  0.00%  | 2.50%  |  0.00%  | 8.33% |   12.50%   |   0.00%   |   0.00%   | 0.00% |         0.00%          |         0.00%          |      6.25%      |         4.69%         |       0.00%        |        0.00%        |        0.00%        |      6.25%      |
|      17      |         0.00%          |          0.00%           |  0.00%   |     0.00%      |  0.00%  | 0.00%  |  0.00%  | 0.00% |   0.00%    |   0.00%   |   0.00%   | 0.00% |         0.00%          |         0.00%          |      0.00%      |         0.00%         |       0.00%        |        0.00%        |        0.00%        |      0.00%      |
|      18      |         0.00%          |          0.00%           |  0.00%   |     0.00%      |  0.00%  | 0.00%  |  0.00%  | 0.00% |   0.00%    |   0.00%   |   0.00%   | 0.00% |         0.00%          |         0.00%          |      0.00%      |         0.00%         |       0.00%        |        0.00%        |        0.00%        |      0.00%      |
|      19      |         0.00%          |          0.00%           |  0.00%   |     0.00%      |  0.00%  | 0.00%  |  0.00%  | 0.00% |   0.00%    |   0.00%   |   0.00%   | 0.00% |         0.00%          |         0.00%          |      0.00%      |         0.00%         |       0.00%        |        0.00%        |        0.00%        |      0.00%      |
|              |                        |                          |          |                |         |        |         |       |            |           |           |       |                        |                        |                 |                       |                    |                     |                     |                 |
|   Average    |         5.47%          |          0.62%           |  7.75%   |     19.61%     |  12.87% | 8.31%  |  10.66% | 0.49% |   7.17%    |   10.29%  |   0.00%   | 0.00% |         9.56%          |         11.40%         |      9.19%      |         4.60%         |       0.00%        |        0.00%        |        0.00%        |      19.85%     |
------------------------------------------------------------------------------------------------------------------------------------------------------------------------------------------------------------------------------------------------------------------------------------------------------------------------------------------------------------------


Allocated Resource Usage
-----------------------------------------------------------------------------------------------------------------------------------------------------------------
|                        Table                         | Stage  | Crossbar | Hash | Gateways | RAMs | TCAMs | Map  | Action |  VLIW |  Exm   |  Exm   |  Tind  |
|                         Name                         | Number |  Bytes   | Bits |          |      |       | RAMs |  Data  | Slots | Search | Result | Result |
|                                                      |        |          |      |          |      |       |      |  Bus   |       |  Bus   |  Bus   |  Bus   |
|                                                      |        |          |      |          |      |       |      | Bytes  |       |        |        |        |
-----------------------------------------------------------------------------------------------------------------------------------------------------------------
|             IngressParser.$PORT_METADATA             |   -1   |    0     |  0   |    0     |  0   |   0   |  0   |   0    |   0   |   0    |   0    |   0    |
|         Ingress.fcfs_ct_1074048392_table_145         |   0    |    4     |  44  |    0     |  16  |   0   |  36  |   4    |   2   |   1    |   1    |   0    |
|     Ingress.fcfs_ct_1074048392_table_145$action      |   0    |    0     |  0   |    0     |  18  |   0   |  0   |   0    |   0   |   0    |   0    |   0    |
|            Ingress.ingress_port_to_nf_dev            |   0    |    2     |  40  |    0     |  4   |   0   |  0   |   4    |   3   |   1    |   1    |   0    |
|                       cond-15                        |   0    |    2     |  0   |    1     |  0   |   0   |  0   |   0    |   0   |   1    |   0    |   0    |
|                       cond-16                        |   0    |    1     |  0   |    1     |  0   |   0   |  0   |   0    |   0   |   1    |   0    |   0    |
|                       cond-17                        |   0    |    2     |  0   |    1     |  0   |   0   |  0   |   0    |   0   |   1    |   0    |   0    |
|                       cond-20                        |   0    |    1     |  0   |    1     |  0   |   0   |  0   |   0    |   0   |   1    |   0    |   0    |
|                       cond-21                        |   0    |    1     |  0   |    1     |  0   |   0   |  0   |   0    |   0   |   1    |   0    |   1    |
|                       tbl_act                        |   0    |    0     |  0   |    0     |  0   |   0   |  0   |   0    |   1   |   0    |   0    |   1    |
|       tbl_psdf40000c1000000zipf0_2hmaxtput723        |   0    |    0     |  0   |    0     |  0   |   0   |  0   |   0    |   1   |   0    |   0    |   1    |
|       tbl_psdf40000c1000000zipf0_2hmaxtput728        |   0    |    0     |  0   |    0     |  0   |   0   |  0   |   0    |   1   |   0    |   0    |   1    |
|       tbl_psdf40000c1000000zipf0_2hmaxtput797        |   0    |    0     |  0   |    0     |  0   |   0   |  0   |   0    |   1   |   0    |   0    |   1    |
|       tbl_psdf40000c1000000zipf0_2hmaxtput935        |   0    |    0     |  0   |    0     |  0   |   0   |  0   |   0    |   1   |   0    |   0    |   1    |
|         Ingress.vector_table_1074109560_142          |   1    |    4     |  40  |    0     |  4   |   0   |  0   |   4    |   2   |   1    |   1    |   0    |
|                       cond-24                        |   1    |    1     |  0   |    1     |  0   |   0   |  0   |   0    |   0   |   1    |   0    |   0    |
|         tbl_fcfs_ct_1074048392_hash_145_calc         |   1    |    4     |  15  |    0     |  0   |   0   |  0   |   4    |   1   |   0    |   1    |   0    |
|     tbl_fcfs_ct_1074048392_hash_145_calc-gateway     |   1    |    0     |  0   |    1     |  0   |   0   |  0   |   0    |   0   |   1    |   0    |   0    |
|         tbl_fcfs_ct_1074048392_hash_147_calc         |   1    |    4     |  15  |    0     |  0   |   0   |  0   |   4    |   1   |   0    |   1    |   0    |
|     tbl_fcfs_ct_1074048392_hash_147_calc-gateway     |   1    |    0     |  0   |    1     |  0   |   0   |  0   |   0    |   0   |   1    |   0    |   0    |
|       Ingress.fcfs_ct_1074048392_reg_liveness        |   2    |    4     |  0   |    0     |  17  |   0   |  17  |   0    |   0   |   0    |   0    |   0    |
|         Ingress.vector_table_1074126776_192          |   2    |    4     |  40  |    0     |  4   |   0   |  0   |   4    |   2   |   1    |   1    |   0    |
|                       cond-25                        |   2    |    4     |  0   |    1     |  0   |   0   |  0   |   0    |   0   |   1    |   0    |   0    |
|       tbl_psdf40000c1000000zipf0_2hmaxtput731        |   2    |    2     |  15  |    0     |  0   |   0   |  0   |   1    |   1   |   0    |   1    |   0    |
|   tbl_psdf40000c1000000zipf0_2hmaxtput731-gateway    |   2    |    0     |  0   |    1     |  0   |   0   |  0   |   0    |   0   |   1    |   0    |   0    |
|       tbl_psdf40000c1000000zipf0_2hmaxtput800        |   2    |    4     |  23  |    0     |  0   |   0   |  0   |   1    |   1   |   0    |   1    |   0    |
|   tbl_psdf40000c1000000zipf0_2hmaxtput800-gateway    |   2    |    0     |  0   |    1     |  0   |   0   |  0   |   0    |   0   |   1    |   0    |   0    |
|         Ingress.fcfs_ct_1074048392_reg_key_0         |   3    |    4     |  0   |    0     |  9   |   0   |  9   |   0    |   0   |   0    |   0    |   0    |
|                       cond-18                        |   3    |    1     |  0   |    1     |  0   |   0   |  0   |   0    |   0   |   1    |   0    |   1    |
|                       cond-22                        |   3    |    2     |  0   |    1     |  0   |   0   |  0   |   0    |   0   |   1    |   0    |   1    |
|           tbl_fcfs_ct_1074048392_check_key           |   3    |    2     |  15  |    0     |  0   |   0   |  0   |   1    |   1   |   0    |   1    |   0    |
|       tbl_psdf40000c1000000zipf0_2hmaxtput733        |   3    |    2     |  15  |    0     |  0   |   0   |  0   |   1    |   1   |   0    |   1    |   0    |
|       tbl_psdf40000c1000000zipf0_2hmaxtput918        |   3    |    0     |  0   |    0     |  0   |   0   |  0   |   0    |   1   |   0    |   0    |   1    |
|         Ingress.vector_table_1074126776_161          |   4    |    4     |  40  |    0     |  4   |   0   |  0   |   4    |   2   |   1    |   1    |   0    |
|                       cond-19                        |   4    |    4     |  0   |    1     |  0   |   0   |  0   |   0    |   0   |   1    |   0    |   0    |
|                       cond-23                        |   4    |    1     |  0   |    1     |  0   |   0   |  0   |   0    |   0   |   1    |   0    |   0    |
|                  tbl_build_cpu_hdr                   |   4    |    0     |  0   |    0     |  0   |   0   |  0   |   8    |   1   |   0    |   0    |   1    |
|               tbl_build_cpu_hdr$action               |   4    |    0     |  0   |    0     |  1   |   0   |  0   |   0    |   0   |   0    |   0    |   0    |
|       tbl_psdf40000c1000000zipf0_2hmaxtput745        |   4    |    0     |  0   |    0     |  0   |   0   |  0   |   0    |   1   |   0    |   0    |   1    |
|       tbl_psdf40000c1000000zipf0_2hmaxtput775        |   4    |    0     |  0   |    0     |  0   |   0   |  0   |   0    |   1   |   0    |   0    |   1    |
|       tbl_psdf40000c1000000zipf0_2hmaxtput804        |   4    |    0     |  0   |    0     |  0   |   0   |  0   |   0    |   1   |   0    |   0    |   1    |
|         Ingress.vector_register_1074079432_0         |   5    |    4     |  0   |    0     |  17  |   0   |  17  |   0    |   0   |   0    |   0    |   0    |
|                       cond-26                        |   5    |    1     |  0   |    1     |  0   |   0   |  0   |   0    |   0   |   1    |   0    |   1    |
|                 tbl_build_recirc_hdr                 |   5    |    0     |  0   |    0     |  0   |   0   |  0   |   0    |   1   |   0    |   0    |   1    |
|       tbl_psdf40000c1000000zipf0_2hmaxtput746        |   5    |    4     |  23  |    0     |  0   |   0   |  0   |   4    |   1   |   0    |   1    |   0    |
|   tbl_psdf40000c1000000zipf0_2hmaxtput746-gateway    |   5    |    0     |  0   |    1     |  0   |   0   |  0   |   0    |   0   |   1    |   0    |   0    |
|       tbl_psdf40000c1000000zipf0_2hmaxtput767        |   5    |    0     |  0   |    0     |  0   |   0   |  0   |   0    |   1   |   0    |   0    |   1    |
|       tbl_psdf40000c1000000zipf0_2hmaxtput773        |   5    |    0     |  0   |    0     |  0   |   0   |  0   |   0    |   1   |   0    |   0    |   1    |
|       tbl_psdf40000c1000000zipf0_2hmaxtput834        |   5    |    0     |  0   |    0     |  0   |   0   |  0   |   0    |   1   |   0    |   0    |   1    |
|       tbl_psdf40000c1000000zipf0_2hmaxtput842        |   5    |    4     |  23  |    0     |  0   |   0   |  0   |   4    |   1   |   0    |   1    |   0    |
|          tbl_bf_1074096984_hash_0_1228_calc          |   6    |    6     |  10  |    0     |  0   |   0   |  0   |   2    |   1   |   0    |   1    |   0    |
|      tbl_bf_1074096984_hash_0_1228_calc-gateway      |   6    |    0     |  0   |    1     |  0   |   0   |  0   |   0    |   0   |   1    |   0    |   0    |
|          tbl_bf_1074096984_hash_3_2979_calc          |   6    |    6     |  10  |    0     |  0   |   0   |  0   |   3    |   1   |   0    |   1    |   0    |
|      tbl_bf_1074096984_hash_3_2979_calc-gateway      |   6    |    0     |  0   |    1     |  0   |   0   |  0   |   0    |   0   |   1    |   0    |   0    |
|       tbl_psdf40000c1000000zipf0_2hmaxtput832        |   6    |    0     |  0   |    0     |  0   |   0   |  0   |   0    |   1   |   0    |   0    |   1    |
|          tbl_bf_1074096984_hash_1_1228_calc          |   7    |    6     |  10  |    0     |  0   |   0   |  0   |   3    |   1   |   0    |   1    |   0    |
|      tbl_bf_1074096984_hash_1_1228_calc-gateway      |   7    |    0     |  0   |    1     |  0   |   0   |  0   |   0    |   0   |   1    |   0    |   0    |
|          tbl_bf_1074096984_hash_2_2979_calc          |   7    |    6     |  10  |    0     |  0   |   0   |  0   |   3    |   1   |   0    |   1    |   0    |
|      tbl_bf_1074096984_hash_2_2979_calc-gateway      |   7    |    0     |  0   |    1     |  0   |   0   |  0   |   0    |   0   |   1    |   0    |   0    |
|          tbl_bf_1074096984_hash_1_2979_calc          |   8    |    6     |  10  |    0     |  0   |   0   |  0   |   3    |   1   |   0    |   1    |   0    |
|      tbl_bf_1074096984_hash_1_2979_calc-gateway      |   8    |    0     |  0   |    1     |  0   |   0   |  0   |   0    |   0   |   1    |   0    |   0    |
|          tbl_bf_1074096984_hash_2_1228_calc          |   8    |    6     |  10  |    0     |  0   |   0   |  0   |   3    |   1   |   0    |   1    |   0    |
|      tbl_bf_1074096984_hash_2_1228_calc-gateway      |   8    |    0     |  0   |    1     |  0   |   0   |  0   |   0    |   0   |   1    |   0    |   0    |
|          tbl_bf_1074096984_hash_0_2979_calc          |   9    |    6     |  10  |    0     |  0   |   0   |  0   |   2    |   1   |   0    |   1    |   0    |
|      tbl_bf_1074096984_hash_0_2979_calc-gateway      |   9    |    0     |  0   |    1     |  0   |   0   |  0   |   0    |   0   |   1    |   0    |   0    |
|          tbl_bf_1074096984_hash_3_1228_calc          |   9    |    6     |  10  |    0     |  0   |   0   |  0   |   3    |   1   |   0    |   1    |   0    |
|      tbl_bf_1074096984_hash_3_1228_calc-gateway      |   9    |    0     |  0   |    1     |  0   |   0   |  0   |   0    |   0   |   1    |   0    |   0    |
|             Ingress.bf_1074096984_row_0              |   10   |    0     |  0   |    0     |  2   |   0   |  2   |   0    |   0   |   0    |   0    |   0    |
|     tbl_bf_1074096984_row_0_read_and_set_execute     |   10   |    2     |  10  |    0     |  0   |   0   |  0   |   4    |   1   |   0    |   1    |   0    |
| tbl_bf_1074096984_row_0_read_and_set_execute-gateway |   10   |    0     |  0   |    1     |  0   |   0   |  0   |   0    |   0   |   1    |   0    |   0    |
|      tbl_bf_1074096984_row_0_set_to_one_execute      |   10   |    0     |  0   |    0     |  0   |   0   |  0   |   4    |   1   |   0    |   1    |   0    |
|  tbl_bf_1074096984_row_0_set_to_one_execute-gateway  |   10   |    0     |  0   |    1     |  0   |   0   |  0   |   0    |   0   |   1    |   0    |   0    |
|             Ingress.bf_1074096984_row_1              |   11   |    0     |  0   |    0     |  2   |   0   |  2   |   0    |   0   |   0    |   0    |   0    |
|     tbl_bf_1074096984_row_1_read_and_set_execute     |   11   |    2     |  10  |    0     |  0   |   0   |  0   |   4    |   1   |   0    |   1    |   0    |
| tbl_bf_1074096984_row_1_read_and_set_execute-gateway |   11   |    0     |  0   |    1     |  0   |   0   |  0   |   0    |   0   |   1    |   0    |   0    |
|      tbl_bf_1074096984_row_1_set_to_one_execute      |   11   |    0     |  0   |    0     |  0   |   0   |  0   |   4    |   1   |   0    |   1    |   0    |
|  tbl_bf_1074096984_row_1_set_to_one_execute-gateway  |   11   |    0     |  0   |    1     |  0   |   0   |  0   |   0    |   0   |   1    |   0    |   0    |
|             Ingress.bf_1074096984_row_2              |   12   |    0     |  0   |    0     |  2   |   0   |  2   |   0    |   0   |   0    |   0    |   0    |
|     tbl_bf_1074096984_row_2_read_and_set_execute     |   12   |    2     |  10  |    0     |  0   |   0   |  0   |   4    |   1   |   0    |   1    |   0    |
| tbl_bf_1074096984_row_2_read_and_set_execute-gateway |   12   |    0     |  0   |    1     |  0   |   0   |  0   |   0    |   0   |   1    |   0    |   0    |
|      tbl_bf_1074096984_row_2_set_to_one_execute      |   12   |    0     |  0   |    0     |  0   |   0   |  0   |   4    |   1   |   0    |   1    |   0    |
|  tbl_bf_1074096984_row_2_set_to_one_execute-gateway  |   12   |    0     |  0   |    1     |  0   |   0   |  0   |   0    |   0   |   1    |   0    |   0    |
|             Ingress.bf_1074096984_row_3              |   13   |    0     |  0   |    0     |  2   |   0   |  2   |   0    |   0   |   0    |   0    |   0    |
|     tbl_bf_1074096984_row_3_read_and_set_execute     |   13   |    2     |  10  |    0     |  0   |   0   |  0   |   4    |   1   |   0    |   1    |   0    |
| tbl_bf_1074096984_row_3_read_and_set_execute-gateway |   13   |    0     |  0   |    1     |  0   |   0   |  0   |   0    |   0   |   1    |   0    |   0    |
|      tbl_bf_1074096984_row_3_set_to_one_execute      |   13   |    0     |  0   |    0     |  0   |   0   |  0   |   4    |   1   |   0    |   1    |   0    |
|  tbl_bf_1074096984_row_3_set_to_one_execute-gateway  |   13   |    0     |  0   |    1     |  0   |   0   |  0   |   0    |   0   |   1    |   0    |   0    |
|         Ingress.vector_table_1074126776_174          |   14   |    4     |  40  |    0     |  4   |   0   |  0   |   2    |   2   |   1    |   1    |   0    |
|         Ingress.vector_table_1074126776_186          |   14   |    4     |  40  |    0     |  4   |   0   |  0   |   4    |   2   |   1    |   1    |   0    |
|                       cond-27                        |   14   |    4     |  0   |    1     |  0   |   0   |  0   |   0    |   0   |   1    |   0    |   0    |
|                       cond-28                        |   14   |    4     |  0   |    1     |  0   |   0   |  0   |   0    |   0   |   1    |   0    |   0    |
|                 tbl_build_cpu_hdr_0                  |   14   |    0     |  0   |    0     |  0   |   0   |  0   |   8    |   1   |   0    |   0    |   1    |
|              tbl_build_cpu_hdr_0$action              |   14   |    0     |  0   |    0     |  1   |   0   |  0   |   0    |   0   |   0    |   0    |   0    |
|       tbl_psdf40000c1000000zipf0_2hmaxtput889        |   14   |    0     |  0   |    0     |  0   |   0   |  0   |   0    |   1   |   0    |   0    |   1    |
|       tbl_psdf40000c1000000zipf0_2hmaxtput876        |   15   |    0     |  0   |    0     |  0   |   0   |  0   |   0    |   1   |   0    |   0    |   1    |
|       tbl_psdf40000c1000000zipf0_2hmaxtput878        |   15   |    0     |  0   |    0     |  0   |   0   |  0   |   0    |   1   |   0    |   0    |   1    |
|       tbl_psdf40000c1000000zipf0_2hmaxtput904        |   15   |    0     |  0   |    0     |  0   |   0   |  0   |   0    |   1   |   0    |   0    |   1    |
|                Ingress.forwarding_tbl                |   16   |    7     |  0   |    0     |  1   |   2   |  0   |   6    |   4   |   0    |   0    |   1    |
|            Ingress.forwarding_tbl$action             |   16   |    0     |  0   |    0     |  1   |   0   |  0   |   0    |   0   |   0    |   0    |   0    |
-----------------------------------------------------------------------------------------------------------------------------------------------------------------

