+---------------------------------------------------------------------+
|  Log file: mau.resources.log                                        |
|  Compiler version: 9.13.4                                           |
|  Created on: Sun Sep 27 05:06:30 2026                               |
|  Run ID: 4402e6f801d34e08                                           |
+---------------------------------------------------------------------+


---------------------------------------------------------------------------------------------------------------------------------------------------------------------------------------------------------------------------------------------------------------------------------------------------------------------------------------------------------------
| Stage Number | Exact Match Input xbar | Ternary Match Input xbar | Hash Bit | Hash Dist Unit | Gateway | SRAM | Map RAM | TCAM | VLIW Instr | Meter ALU | Stats ALU | Stash | Exact Match Search Bus | Exact Match Result Bus | Tind Result Bus | Action Data Bus Bytes | 8-bit Action Slots | 16-bit Action Slots | 32-bit Action Slots | Logical TableID |
---------------------------------------------------------------------------------------------------------------------------------------------------------------------------------------------------------------------------------------------------------------------------------------------------------------------------------------------------------------
|      0       |           19           |            0             |    88    |       3        |    15   |  4   |    0    |  0   |     4      |     0     |     0     |   0   |           15           |           3            |        6        |           12          |         0          |          0          |          0          |        16       |
|      1       |           32           |            0             |    88    |       5        |    13   |  9   |    9    |  0   |     7      |     1     |     0     |   0   |           13           |           7            |        14       |           27          |         0          |          0          |          0          |        16       |
|      2       |           24           |            0             |   128    |       5        |    6    |  14  |    9    |  0   |     10     |     1     |     0     |   0   |           4            |           5            |        11       |           27          |         0          |          0          |          0          |        16       |
|      3       |           23           |            0             |    64    |       4        |    6    |  1   |    0    |  0   |     5      |     0     |     0     |   0   |           5            |           2            |        14       |           22          |         0          |          0          |          0          |        16       |
|      4       |           19           |            0             |    64    |       4        |    5    |  0   |    0    |  0   |     5      |     0     |     0     |   0   |           4            |           2            |        9        |           24          |         0          |          0          |          0          |        12       |
|      5       |           8            |            0             |    72    |       2        |    1    |  5   |    0    |  0   |     2      |     0     |     0     |   0   |           2            |           2            |        3        |           16          |         0          |          0          |          0          |        5        |
|      6       |           12           |            0             |    64    |       4        |    2    |  0   |    0    |  0   |     2      |     0     |     0     |   0   |           1            |           2            |        2        |           10          |         0          |          0          |          0          |        4        |
|      7       |           5            |            7             |    32    |       2        |    2    |  2   |    0    |  2   |     5      |     0     |     0     |   0   |           1            |           1            |        5        |           16          |         0          |          0          |          0          |        6        |
|      8       |           7            |            0             |    32    |       2        |    5    |  0   |    0    |  0   |     4      |     0     |     0     |   0   |           5            |           1            |        6        |           4           |         0          |          0          |          0          |        7        |
|      9       |           10           |            0             |    64    |       4        |    2    |  0   |    0    |  0   |     2      |     0     |     0     |   0   |           1            |           2            |        2        |           8           |         0          |          0          |          0          |        3        |
|      10      |           0            |            0             |    0     |       0        |    0    |  0   |    0    |  0   |     1      |     0     |     0     |   0   |           0            |           0            |        2        |           0           |         0          |          0          |          0          |        2        |
|      11      |           2            |            0             |    0     |       0        |    2    |  0   |    0    |  0   |     1      |     0     |     0     |   0   |           2            |           0            |        2        |           0           |         0          |          0          |          0          |        4        |
|      12      |           13           |            0             |    64    |       4        |    2    |  0   |    0    |  0   |     1      |     0     |     0     |   0   |           1            |           2            |        1        |           8           |         0          |          0          |          0          |        2        |
|      13      |           0            |            0             |    0     |       0        |    0    |  0   |    0    |  0   |     1      |     0     |     0     |   0   |           0            |           0            |        2        |           0           |         0          |          0          |          0          |        2        |
|      14      |           30           |            0             |    96    |       6        |    3    |  0   |    0    |  0   |     2      |     0     |     0     |   0   |           2            |           3            |        1        |           12          |         0          |          0          |          0          |        3        |
|      15      |           2            |            0             |    0     |       0        |    1    |  0   |    0    |  0   |     2      |     0     |     0     |   0   |           1            |           0            |        3        |           0           |         0          |          0          |          0          |        3        |
|      16      |           5            |            0             |    32    |       2        |    1    |  0   |    0    |  0   |     2      |     0     |     0     |   0   |           1            |           1            |        3        |           4           |         0          |          0          |          0          |        3        |
|      17      |           4            |            0             |    8     |       0        |    2    |  0   |    0    |  0   |     1      |     0     |     0     |   0   |           2            |           0            |        2        |           0           |         0          |          0          |          0          |        3        |
|      18      |           13           |            0             |    64    |       4        |    3    |  1   |    0    |  0   |     3      |     0     |     0     |   0   |           2            |           2            |        5        |           20          |         0          |          0          |          0          |        7        |
|      19      |           2            |            0             |    0     |       0        |    2    |  0   |    0    |  0   |     2      |     0     |     0     |   0   |           2            |           2            |        4        |           2           |         0          |          0          |          0          |        4        |
|              |                        |                          |          |                |         |      |         |      |            |           |           |       |                        |                        |                 |                       |                    |                     |                     |                 |
|    Totals    |          230           |            7             |   960    |       51       |    73   |  36  |    18   |  2   |     62     |     2     |     0     |   0   |           64           |           37           |        97       |          212          |         0          |          0          |          0          |       134       |
---------------------------------------------------------------------------------------------------------------------------------------------------------------------------------------------------------------------------------------------------------------------------------------------------------------------------------------------------------------


------------------------------------------------------------------------------------------------------------------------------------------------------------------------------------------------------------------------------------------------------------------------------------------------------------------------------------------------------------------
| Stage Number | Exact Match Input xbar | Ternary Match Input xbar | Hash Bit | Hash Dist Unit | Gateway |  SRAM  | Map RAM |  TCAM | VLIW Instr | Meter ALU | Stats ALU | Stash | Exact Match Search Bus | Exact Match Result Bus | Tind Result Bus | Action Data Bus Bytes | 8-bit Action Slots | 16-bit Action Slots | 32-bit Action Slots | Logical TableID |
------------------------------------------------------------------------------------------------------------------------------------------------------------------------------------------------------------------------------------------------------------------------------------------------------------------------------------------------------------------
|      0       |         14.84%         |          0.00%           |  21.15%  |     50.00%     |  93.75% | 5.00%  |  0.00%  | 0.00% |   12.50%   |   0.00%   |   0.00%   | 0.00% |         93.75%         |         18.75%         |      37.50%     |         9.38%         |       0.00%        |        0.00%        |        0.00%        |     100.00%     |
|      1       |         25.00%         |          0.00%           |  21.15%  |     83.33%     |  81.25% | 11.25% |  18.75% | 0.00% |   21.88%   |   25.00%  |   0.00%   | 0.00% |         81.25%         |         43.75%         |      87.50%     |         21.09%        |       0.00%        |        0.00%        |        0.00%        |     100.00%     |
|      2       |         18.75%         |          0.00%           |  30.77%  |     83.33%     |  37.50% | 17.50% |  18.75% | 0.00% |   31.25%   |   25.00%  |   0.00%   | 0.00% |         25.00%         |         31.25%         |      68.75%     |         21.09%        |       0.00%        |        0.00%        |        0.00%        |     100.00%     |
|      3       |         17.97%         |          0.00%           |  15.38%  |     66.67%     |  37.50% | 1.25%  |  0.00%  | 0.00% |   15.62%   |   0.00%   |   0.00%   | 0.00% |         31.25%         |         12.50%         |      87.50%     |         17.19%        |       0.00%        |        0.00%        |        0.00%        |     100.00%     |
|      4       |         14.84%         |          0.00%           |  15.38%  |     66.67%     |  31.25% | 0.00%  |  0.00%  | 0.00% |   15.62%   |   0.00%   |   0.00%   | 0.00% |         25.00%         |         12.50%         |      56.25%     |         18.75%        |       0.00%        |        0.00%        |        0.00%        |      75.00%     |
|      5       |         6.25%          |          0.00%           |  17.31%  |     33.33%     |  6.25%  | 6.25%  |  0.00%  | 0.00% |   6.25%    |   0.00%   |   0.00%   | 0.00% |         12.50%         |         12.50%         |      18.75%     |         12.50%        |       0.00%        |        0.00%        |        0.00%        |      31.25%     |
|      6       |         9.38%          |          0.00%           |  15.38%  |     66.67%     |  12.50% | 0.00%  |  0.00%  | 0.00% |   6.25%    |   0.00%   |   0.00%   | 0.00% |         6.25%          |         12.50%         |      12.50%     |         7.81%         |       0.00%        |        0.00%        |        0.00%        |      25.00%     |
|      7       |         3.91%          |          10.61%          |  7.69%   |     33.33%     |  12.50% | 2.50%  |  0.00%  | 8.33% |   15.62%   |   0.00%   |   0.00%   | 0.00% |         6.25%          |         6.25%          |      31.25%     |         12.50%        |       0.00%        |        0.00%        |        0.00%        |      37.50%     |
|      8       |         5.47%          |          0.00%           |  7.69%   |     33.33%     |  31.25% | 0.00%  |  0.00%  | 0.00% |   12.50%   |   0.00%   |   0.00%   | 0.00% |         31.25%         |         6.25%          |      37.50%     |         3.12%         |       0.00%        |        0.00%        |        0.00%        |      43.75%     |
|      9       |         7.81%          |          0.00%           |  15.38%  |     66.67%     |  12.50% | 0.00%  |  0.00%  | 0.00% |   6.25%    |   0.00%   |   0.00%   | 0.00% |         6.25%          |         12.50%         |      12.50%     |         6.25%         |       0.00%        |        0.00%        |        0.00%        |      18.75%     |
|      10      |         0.00%          |          0.00%           |  0.00%   |     0.00%      |  0.00%  | 0.00%  |  0.00%  | 0.00% |   3.12%    |   0.00%   |   0.00%   | 0.00% |         0.00%          |         0.00%          |      12.50%     |         0.00%         |       0.00%        |        0.00%        |        0.00%        |      12.50%     |
|      11      |         1.56%          |          0.00%           |  0.00%   |     0.00%      |  12.50% | 0.00%  |  0.00%  | 0.00% |   3.12%    |   0.00%   |   0.00%   | 0.00% |         12.50%         |         0.00%          |      12.50%     |         0.00%         |       0.00%        |        0.00%        |        0.00%        |      25.00%     |
|      12      |         10.16%         |          0.00%           |  15.38%  |     66.67%     |  12.50% | 0.00%  |  0.00%  | 0.00% |   3.12%    |   0.00%   |   0.00%   | 0.00% |         6.25%          |         12.50%         |      6.25%      |         6.25%         |       0.00%        |        0.00%        |        0.00%        |      12.50%     |
|      13      |         0.00%          |          0.00%           |  0.00%   |     0.00%      |  0.00%  | 0.00%  |  0.00%  | 0.00% |   3.12%    |   0.00%   |   0.00%   | 0.00% |         0.00%          |         0.00%          |      12.50%     |         0.00%         |       0.00%        |        0.00%        |        0.00%        |      12.50%     |
|      14      |         23.44%         |          0.00%           |  23.08%  |    100.00%     |  18.75% | 0.00%  |  0.00%  | 0.00% |   6.25%    |   0.00%   |   0.00%   | 0.00% |         12.50%         |         18.75%         |      6.25%      |         9.38%         |       0.00%        |        0.00%        |        0.00%        |      18.75%     |
|      15      |         1.56%          |          0.00%           |  0.00%   |     0.00%      |  6.25%  | 0.00%  |  0.00%  | 0.00% |   6.25%    |   0.00%   |   0.00%   | 0.00% |         6.25%          |         0.00%          |      18.75%     |         0.00%         |       0.00%        |        0.00%        |        0.00%        |      18.75%     |
|      16      |         3.91%          |          0.00%           |  7.69%   |     33.33%     |  6.25%  | 0.00%  |  0.00%  | 0.00% |   6.25%    |   0.00%   |   0.00%   | 0.00% |         6.25%          |         6.25%          |      18.75%     |         3.12%         |       0.00%        |        0.00%        |        0.00%        |      18.75%     |
|      17      |         3.12%          |          0.00%           |  1.92%   |     0.00%      |  12.50% | 0.00%  |  0.00%  | 0.00% |   3.12%    |   0.00%   |   0.00%   | 0.00% |         12.50%         |         0.00%          |      12.50%     |         0.00%         |       0.00%        |        0.00%        |        0.00%        |      18.75%     |
|      18      |         10.16%         |          0.00%           |  15.38%  |     66.67%     |  18.75% | 1.25%  |  0.00%  | 0.00% |   9.38%    |   0.00%   |   0.00%   | 0.00% |         12.50%         |         12.50%         |      31.25%     |         15.62%        |       0.00%        |        0.00%        |        0.00%        |      43.75%     |
|      19      |         1.56%          |          0.00%           |  0.00%   |     0.00%      |  12.50% | 0.00%  |  0.00%  | 0.00% |   6.25%    |   0.00%   |   0.00%   | 0.00% |         12.50%         |         12.50%         |      25.00%     |         1.56%         |       0.00%        |        0.00%        |        0.00%        |      25.00%     |
|              |                        |                          |          |                |         |        |         |       |            |           |           |       |                        |                        |                 |                       |                    |                     |                     |                 |
|   Average    |         8.98%          |          0.53%           |  11.54%  |     42.50%     |  22.81% | 2.25%  |  1.88%  | 0.42% |   9.69%    |   2.50%   |   0.00%   | 0.00% |         20.00%         |         11.56%         |      30.31%     |         8.28%         |       0.00%        |        0.00%        |        0.00%        |      41.88%     |
------------------------------------------------------------------------------------------------------------------------------------------------------------------------------------------------------------------------------------------------------------------------------------------------------------------------------------------------------------------


Allocated Resource Usage
-------------------------------------------------------------------------------------------------------------------------------------------------------------------
|                         Table                          | Stage  | Crossbar | Hash | Gateways | RAMs | TCAMs | Map  | Action |  VLIW |  Exm   |  Exm   |  Tind  |
|                          Name                          | Number |  Bytes   | Bits |          |      |       | RAMs |  Data  | Slots | Search | Result | Result |
|                                                        |        |          |      |          |      |       |      |  Bus   |       |  Bus   |  Bus   |  Bus   |
|                                                        |        |          |      |          |      |       |      | Bytes  |       |        |        |        |
-------------------------------------------------------------------------------------------------------------------------------------------------------------------
|              IngressParser.$PORT_METADATA              |   -1   |    0     |  0   |    0     |  0   |   0   |  0   |   0    |   0   |   0    |   0    |   0    |
|             Ingress.ingress_port_to_nf_dev             |   0    |    2     |  40  |    0     |  4   |   0   |  0   |   4    |   4   |   1    |   1    |   0    |
|                        cond-52                         |   0    |    2     |  0   |    1     |  0   |   0   |  0   |   0    |   0   |   1    |   0    |   0    |
|                        cond-53                         |   0    |    2     |  0   |    1     |  0   |   0   |  0   |   0    |   0   |   1    |   0    |   0    |
|                        cond-54                         |   0    |    2     |  0   |    1     |  0   |   0   |  0   |   0    |   0   |   1    |   0    |   0    |
|                        cond-58                         |   0    |    1     |  0   |    1     |  0   |   0   |  0   |   0    |   0   |   1    |   0    |   0    |
|                        cond-59                         |   0    |    1     |  0   |    1     |  0   |   0   |  0   |   0    |   0   |   1    |   0    |   0    |
|                        cond-60                         |   0    |    1     |  0   |    1     |  0   |   0   |  0   |   0    |   0   |   1    |   0    |   0    |
|                        cond-61                         |   0    |    1     |  0   |    1     |  0   |   0   |  0   |   0    |   0   |   1    |   0    |   0    |
|                        cond-62                         |   0    |    1     |  0   |    1     |  0   |   0   |  0   |   0    |   0   |   1    |   0    |   1    |
|                        cond-63                         |   0    |    1     |  0   |    1     |  0   |   0   |  0   |   0    |   0   |   1    |   0    |   0    |
|                        cond-64                         |   0    |    1     |  0   |    1     |  0   |   0   |  0   |   0    |   0   |   1    |   0    |   0    |
|                        cond-84                         |   0    |    2     |  0   |    1     |  0   |   0   |  0   |   0    |   0   |   1    |   0    |   0    |
|                     cond-84$split                      |   0    |    2     |  0   |    1     |  0   |   0   |  0   |   0    |   0   |   1    |   0    |   0    |
|                        cond-86                         |   0    |    2     |  0   |    1     |  0   |   0   |  0   |   0    |   0   |   1    |   0    |   0    |
|                        cond-87                         |   0    |    2     |  0   |    1     |  0   |   0   |  0   |   0    |   0   |   1    |   0    |   0    |
|                        cond-91                         |   0    |    2     |  0   |    1     |  0   |   0   |  0   |   0    |   0   |   1    |   0    |   1    |
|                tbl_compute_op_add_285_b                |   0    |    8     |  32  |    0     |  0   |   0   |  0   |   4    |   1   |   0    |   1    |   0    |
|                  tbl_compute_op_xor_3                  |   0    |    0     |  0   |    0     |  0   |   0   |  0   |   0    |   1   |   0    |   0    |   1    |
|                  tbl_compute_op_xor_4                  |   0    |    0     |  0   |    0     |  0   |   0   |  0   |   0    |   1   |   0    |   0    |   1    |
|       tbl_smartcookief40000c1000unifhmaxtput1111       |   0    |    1     |  16  |    0     |  0   |   0   |  0   |   2    |   1   |   0    |   1    |   0    |
|       tbl_smartcookief40000c1000unifhmaxtput789        |   0    |    0     |  0   |    0     |  0   |   0   |  0   |   0    |   1   |   0    |   0    |   1    |
|       tbl_smartcookief40000c1000unifhmaxtput794        |   0    |    0     |  0   |    0     |  0   |   0   |  0   |   2    |   1   |   0    |   0    |   1    |
|              Ingress.bf_1073927040_row_0               |   1    |    0     |  0   |    0     |  9   |   0   |  9   |   0    |   0   |   0    |   0    |   0    |
|                        cond-55                         |   1    |    2     |  0   |    1     |  0   |   0   |  0   |   0    |   0   |   1    |   0    |   0    |
|                        cond-56                         |   1    |    2     |  0   |    1     |  0   |   0   |  0   |   0    |   0   |   1    |   0    |   0    |
|                        cond-65                         |   1    |    2     |  0   |    1     |  0   |   0   |  0   |   0    |   0   |   1    |   0    |   0    |
|                        cond-66                         |   1    |    1     |  0   |    1     |  0   |   0   |  0   |   0    |   0   |   1    |   0    |   1    |
|                        cond-69                         |   1    |    1     |  0   |    1     |  0   |   0   |  0   |   0    |   0   |   1    |   0    |   0    |
|                        cond-70                         |   1    |    1     |  0   |    1     |  0   |   0   |  0   |   0    |   0   |   1    |   0    |   1    |
|                        cond-71                         |   1    |    1     |  0   |    1     |  0   |   0   |  0   |   0    |   0   |   1    |   0    |   1    |
|                        cond-72                         |   1    |    1     |  0   |    1     |  0   |   0   |  0   |   0    |   0   |   1    |   0    |   0    |
|                        cond-73                         |   1    |    2     |  0   |    1     |  0   |   0   |  0   |   0    |   0   |   1    |   0    |   1    |
|                        cond-74                         |   1    |    1     |  0   |    1     |  0   |   0   |  0   |   0    |   0   |   1    |   0    |   1    |
|                        cond-75                         |   1    |    1     |  0   |    1     |  0   |   0   |  0   |   0    |   0   |   1    |   0    |   1    |
|                        cond-88                         |   1    |    2     |  0   |    1     |  0   |   0   |  0   |   0    |   0   |   1    |   0    |   0    |
|                        cond-90                         |   1    |    2     |  0   |    1     |  0   |   0   |  0   |   0    |   0   |   1    |   0    |   1    |
|          tbl_bf_1073927040_row_0_read_execute          |   1    |    12    |  20  |    0     |  0   |   0   |  0   |   1    |   1   |   0    |   1    |   0    |
|       tbl_bf_1073927040_row_0_set_to_one_execute       |   1    |    12    |  20  |    0     |  0   |   0   |  0   |   1    |   1   |   0    |   1    |   0    |
|                   tbl_compute_op_add                   |   1    |    0     |  0   |    0     |  0   |   0   |  0   |   0    |   1   |   0    |   0    |   1    |
|                   tbl_compute_op_xor                   |   1    |    0     |  0   |    0     |  0   |   0   |  0   |   0    |   1   |   0    |   0    |   1    |
|                  tbl_compute_op_xor_5                  |   1    |    0     |  0   |    0     |  0   |   0   |  0   |   0    |   1   |   0    |   0    |   1    |
|                  tbl_compute_op_xor_6                  |   1    |    16    |  32  |    0     |  0   |   0   |  0   |   4    |   1   |   0    |   1    |   0    |
|            tbl_compute_rotate_left_108_x_0             |   1    |    0     |  0   |    0     |  0   |   0   |  0   |   4    |   1   |   0    |   0    |   1    |
|           tbl_compute_rotate_left_108_x_k_0            |   1    |    0     |  0   |    0     |  0   |   0   |  0   |   4    |   1   |   0    |   0    |   1    |
|               tbl_compute_rotate_left_4                |   1    |    0     |  0   |    0     |  0   |   0   |  0   |   4    |   1   |   0    |   0    |   1    |
|       tbl_smartcookief40000c1000unifhmaxtput1394       |   1    |    0     |  0   |    0     |  0   |   0   |  0   |   2    |   1   |   0    |   1    |   0    |
|       tbl_smartcookief40000c1000unifhmaxtput1419       |   1    |    0     |  0   |    0     |  0   |   0   |  0   |   2    |   1   |   0    |   1    |   0    |
|       tbl_smartcookief40000c1000unifhmaxtput1426       |   1    |    0     |  0   |    0     |  0   |   0   |  0   |   2    |   1   |   0    |   1    |   0    |
|       tbl_smartcookief40000c1000unifhmaxtput1434       |   1    |    1     |  16  |    0     |  0   |   0   |  0   |   2    |   1   |   0    |   1    |   0    |
|       tbl_smartcookief40000c1000unifhmaxtput941        |   1    |    0     |  0   |    0     |  0   |   0   |  0   |   2    |   1   |   0    |   0    |   1    |
|              Ingress.bf_1073927040_row_1               |   2    |    0     |  0   |    0     |  9   |   0   |  9   |   0    |   0   |   0    |   0    |   0    |
|          Ingress.vector_table_1073939616_105           |   2    |    4     |  40  |    0     |  4   |   0   |  0   |   4    |   2   |   1    |   1    |   0    |
|                        cond-57                         |   2    |    2     |  0   |    1     |  0   |   0   |  0   |   0    |   0   |   1    |   0    |   0    |
|                        cond-76                         |   2    |    1     |  0   |    1     |  0   |   0   |  0   |   0    |   0   |   1    |   0    |   0    |
|          tbl_bf_1073927040_row_1_read_execute          |   2    |    12    |  20  |    0     |  0   |   0   |  0   |   1    |   1   |   0    |   1    |   0    |
|      tbl_bf_1073927040_row_1_read_execute-gateway      |   2    |    0     |  0   |    1     |  0   |   0   |  0   |   0    |   0   |   1    |   0    |   0    |
|       tbl_bf_1073927040_row_1_set_to_one_execute       |   2    |    12    |  20  |    0     |  0   |   0   |  0   |   1    |   1   |   0    |   1    |   0    |
|   tbl_bf_1073927040_row_1_set_to_one_execute-gateway   |   2    |    0     |  0   |    1     |  0   |   0   |  0   |   0    |   0   |   1    |   0    |   0    |
|                   tbl_build_cpu_hdr                    |   2    |    0     |  0   |    0     |  0   |   0   |  0   |   4    |   1   |   0    |   0    |   1    |
|                  tbl_build_recirc_hdr                  |   2    |    0     |  0   |    0     |  0   |   0   |  0   |   0    |   1   |   0    |   0    |   1    |
|                 tbl_build_recirc_hdr_0                 |   2    |    0     |  0   |    0     |  0   |   0   |  0   |   0    |   1   |   0    |   0    |   1    |
|                 tbl_build_recirc_hdr_2                 |   2    |    0     |  0   |    0     |  0   |   0   |  0   |   0    |   1   |   0    |   0    |   1    |
|                  tbl_compute_op_xor_7                  |   2    |    0     |  0   |    0     |  0   |   0   |  0   |   0    |   1   |   0    |   0    |   1    |
|               tbl_compute_rotate_left_19               |   2    |    8     |  32  |    0     |  0   |   0   |  0   |   4    |   1   |   0    |   1    |   0    |
|           tbl_compute_rotate_left_19-gateway           |   2    |    0     |  0   |    1     |  0   |   0   |  0   |   0    |   0   |   1    |   0    |   0    |
|               tbl_compute_rotate_left_5                |   2    |    0     |  0   |    0     |  0   |   0   |  0   |   8    |   1   |   0    |   0    |   1    |
|            tbl_compute_rotate_left_5$action            |   2    |    0     |  0   |    0     |  1   |   0   |  0   |   0    |   0   |   0    |   0    |   0    |
|       tbl_smartcookief40000c1000unifhmaxtput1019       |   2    |    0     |  0   |    0     |  0   |   0   |  0   |   2    |   1   |   0    |   0    |   1    |
|       tbl_smartcookief40000c1000unifhmaxtput1332       |   2    |    0     |  0   |    0     |  0   |   0   |  0   |   0    |   1   |   0    |   0    |   1    |
|       tbl_smartcookief40000c1000unifhmaxtput1345       |   2    |    1     |  16  |    0     |  0   |   0   |  0   |   2    |   1   |   0    |   1    |   0    |
|   tbl_smartcookief40000c1000unifhmaxtput1345-gateway   |   2    |    0     |  0   |    1     |  0   |   0   |  0   |   0    |   0   |   1    |   0    |   0    |
|       tbl_smartcookief40000c1000unifhmaxtput1355       |   2    |    0     |  0   |    0     |  0   |   0   |  0   |   0    |   1   |   0    |   0    |   1    |
|       tbl_smartcookief40000c1000unifhmaxtput1408       |   2    |    0     |  0   |    0     |  0   |   0   |  0   |   0    |   1   |   0    |   0    |   1    |
|       tbl_smartcookief40000c1000unifhmaxtput872        |   2    |    0     |  0   |    0     |  0   |   0   |  0   |   2    |   1   |   0    |   0    |   1    |
|                        cond-67                         |   3    |    1     |  0   |    1     |  0   |   0   |  0   |   0    |   0   |   1    |   0    |   0    |
|                        cond-85                         |   3    |    2     |  0   |    1     |  0   |   0   |  0   |   0    |   0   |   1    |   0    |   0    |
|                        cond-93                         |   3    |    2     |  0   |    1     |  0   |   0   |  0   |   0    |   0   |   1    |   0    |   0    |
|                        cond-96                         |   3    |    2     |  0   |    1     |  0   |   0   |  0   |   0    |   0   |   1    |   0    |   0    |
|             tbl_bf_1073927040_all_rows_hit             |   3    |    0     |  0   |    0     |  0   |   0   |  0   |   0    |   1   |   0    |   0    |   1    |
|                  tbl_compute_op_lshr                   |   3    |    0     |  0   |    0     |  0   |   0   |  0   |   0    |   1   |   0    |   0    |   1    |
|                 tbl_compute_op_lshr_1                  |   3    |    0     |  0   |    0     |  0   |   0   |  0   |   0    |   1   |   0    |   0    |   1    |
|                   tbl_compute_op_sub                   |   3    |    0     |  0   |    0     |  0   |   0   |  0   |   0    |   1   |   0    |   0    |   1    |
|                  tbl_compute_op_xor_0                  |   3    |    16    |  32  |    0     |  0   |   0   |  0   |   4    |   1   |   0    |   1    |   0    |
|              tbl_compute_op_xor_0-gateway              |   3    |    0     |  0   |    1     |  0   |   0   |  0   |   0    |   0   |   1    |   0    |   0    |
|               tbl_compute_rotate_left_20               |   3    |    0     |  0   |    0     |  0   |   0   |  0   |   0    |   1   |   0    |   0    |   1    |
|               tbl_compute_rotate_left_6                |   3    |    8     |  32  |    0     |  0   |   0   |  0   |   4    |   1   |   0    |   1    |   0    |
|           tbl_compute_rotate_left_6-gateway            |   3    |    0     |  0   |    1     |  0   |   0   |  0   |   0    |   0   |   1    |   0    |   0    |
|                   tbl_hdr_val3_calc                    |   3    |    0     |  0   |    0     |  0   |   0   |  0   |   0    |   1   |   0    |   0    |   1    |
|                   tbl_hdr_val4_calc                    |   3    |    0     |  0   |    0     |  0   |   0   |  0   |   2    |   1   |   0    |   0    |   1    |
|                     tbl_rewrite_0                      |   3    |    0     |  0   |    0     |  0   |   0   |  0   |   4    |   1   |   0    |   0    |   1    |
|       tbl_smartcookief40000c1000unifhmaxtput1259       |   3    |    0     |  0   |    0     |  0   |   0   |  0   |   2    |   1   |   0    |   0    |   1    |
|       tbl_smartcookief40000c1000unifhmaxtput1410       |   3    |    0     |  0   |    0     |  0   |   0   |  0   |   0    |   1   |   0    |   0    |   1    |
|       tbl_smartcookief40000c1000unifhmaxtput1486       |   3    |    0     |  0   |    0     |  0   |   0   |  0   |   0    |   1   |   0    |   0    |   1    |
|       tbl_smartcookief40000c1000unifhmaxtput1878       |   3    |    0     |  0   |    0     |  0   |   0   |  0   |   6    |   1   |   0    |   0    |   1    |
|   tbl_smartcookief40000c1000unifhmaxtput1878$action    |   3    |    0     |  0   |    0     |  1   |   0   |  0   |   0    |   0   |   0    |   0    |   0    |
|       tbl_smartcookief40000c1000unifhmaxtput1994       |   3    |    0     |  0   |    0     |  0   |   0   |  0   |   0    |   1   |   0    |   0    |   1    |
|       tbl_smartcookief40000c1000unifhmaxtput782        |   3    |    0     |  0   |    0     |  0   |   0   |  0   |   0    |   1   |   0    |   0    |   1    |
|                        cond-51                         |   4    |    1     |  0   |    1     |  0   |   0   |  0   |   0    |   0   |   1    |   0    |   0    |
|                        cond-68                         |   4    |    4     |  0   |    1     |  0   |   0   |  0   |   0    |   0   |   1    |   0    |   0    |
|                        cond-89                         |   4    |    2     |  0   |    1     |  0   |   0   |  0   |   0    |   0   |   1    |   0    |   0    |
|                 tbl_build_recirc_hdr_1                 |   4    |    0     |  0   |    0     |  0   |   0   |  0   |   0    |   1   |   0    |   0    |   1    |
|                 tbl_compute_op_lshr_0                  |   4    |    0     |  0   |    0     |  0   |   0   |  0   |   0    |   1   |   0    |   0    |   1    |
|                  tbl_compute_op_sub_0                  |   4    |    0     |  0   |    0     |  0   |   0   |  0   |   0    |   1   |   0    |   0    |   1    |
|                tbl_compute_rotate_left                 |   4    |    0     |  0   |    0     |  0   |   0   |  0   |   4    |   1   |   0    |   0    |   1    |
|             tbl_compute_rotate_left_108_x              |   4    |    0     |  0   |    0     |  0   |   0   |  0   |   4    |   1   |   0    |   0    |   1    |
|            tbl_compute_rotate_left_108_x_k             |   4    |    0     |  0   |    0     |  0   |   0   |  0   |   4    |   1   |   0    |   0    |   1    |
|            tbl_compute_rotate_left_111_k_0             |   4    |    0     |  0   |    0     |  0   |   0   |  0   |   4    |   1   |   0    |   0    |   1    |
|               tbl_compute_rotate_left_21               |   4    |    8     |  32  |    0     |  0   |   0   |  0   |   4    |   1   |   0    |   1    |   0    |
|           tbl_compute_rotate_left_21-gateway           |   4    |    0     |  0   |    1     |  0   |   0   |  0   |   0    |   0   |   1    |   0    |   0    |
|               tbl_compute_rotate_left_7                |   4    |    8     |  32  |    0     |  0   |   0   |  0   |   4    |   1   |   0    |   1    |   0    |
|           tbl_compute_rotate_left_7-gateway            |   4    |    0     |  0   |    1     |  0   |   0   |  0   |   0    |   0   |   1    |   0    |   0    |
|       tbl_smartcookief40000c1000unifhmaxtput1233       |   4    |    0     |  0   |    0     |  0   |   0   |  0   |   0    |   1   |   0    |   0    |   1    |
|       tbl_smartcookief40000c1000unifhmaxtput1411       |   4    |    0     |  0   |    0     |  0   |   0   |  0   |   0    |   1   |   0    |   0    |   1    |
|           Ingress.vector_table_1073939616_88           |   5    |    4     |  40  |    0     |  4   |   0   |  0   |   4    |   2   |   1    |   1    |   0    |
|                 tbl_compute_op_lshr_2                  |   5    |    0     |  0   |    0     |  0   |   0   |  0   |   0    |   1   |   0    |   0    |   1    |
|               tbl_compute_rotate_left_0                |   5    |    0     |  0   |    0     |  0   |   0   |  0   |   8    |   1   |   0    |   0    |   1    |
|            tbl_compute_rotate_left_0$action            |   5    |    0     |  0   |    0     |  1   |   0   |  0   |   0    |   0   |   0    |   0    |   0    |
|               tbl_compute_rotate_left_22               |   5    |    8     |  32  |    0     |  0   |   0   |  0   |   4    |   1   |   0    |   1    |   0    |
|           tbl_compute_rotate_left_22-gateway           |   5    |    0     |  0   |    1     |  0   |   0   |  0   |   0    |   0   |   1    |   0    |   0    |
|               tbl_compute_rotate_left_8                |   5    |    0     |  0   |    0     |  0   |   0   |  0   |   0    |   1   |   0    |   0    |   1    |
|                  tbl_compute_op_xor_8                  |   6    |    0     |  0   |    0     |  0   |   0   |  0   |   0    |   1   |   0    |   0    |   1    |
|               tbl_compute_rotate_left_1                |   6    |    8     |  32  |    0     |  0   |   0   |  0   |   4    |   1   |   0    |   1    |   0    |
|           tbl_compute_rotate_left_1-gateway            |   6    |    0     |  0   |    1     |  0   |   0   |  0   |   0    |   0   |   1    |   0    |   0    |
|               tbl_compute_rotate_left_23               |   6    |    8     |  32  |    0     |  0   |   0   |  0   |   4    |   1   |   0    |   1    |   0    |
|           tbl_compute_rotate_left_23-gateway           |   6    |    0     |  0   |    1     |  0   |   0   |  0   |   0    |   0   |   1    |   0    |   0    |
|       tbl_smartcookief40000c1000unifhmaxtput1161       |   6    |    0     |  0   |    0     |  0   |   0   |  0   |   2    |   1   |   0    |   0    |   1    |
|                 Ingress.forwarding_tbl                 |   7    |    7     |  0   |    0     |  1   |   2   |  0   |   8    |   4   |   0    |   0    |   1    |
|             Ingress.forwarding_tbl$action              |   7    |    0     |  0   |    0     |  1   |   0   |  0   |   0    |   0   |   0    |   0    |   0    |
|                        cond-83                         |   7    |    1     |  0   |    1     |  0   |   0   |  0   |   0    |   0   |   1    |   0    |   0    |
|             tbl_compute_rotate_left_111_k              |   7    |    0     |  0   |    0     |  0   |   0   |  0   |   4    |   1   |   0    |   0    |   1    |
|               tbl_compute_rotate_left_2                |   7    |    8     |  32  |    0     |  0   |   0   |  0   |   4    |   1   |   0    |   1    |   0    |
|           tbl_compute_rotate_left_2-gateway            |   7    |    0     |  0   |    1     |  0   |   0   |  0   |   0    |   0   |   1    |   0    |   0    |
|               tbl_compute_rotate_left_24               |   7    |    0     |  0   |    0     |  0   |   0   |  0   |   0    |   1   |   0    |   0    |   1    |
|       tbl_smartcookief40000c1000unifhmaxtput1482       |   7    |    0     |  0   |    0     |  0   |   0   |  0   |   0    |   1   |   0    |   0    |   1    |
|       tbl_smartcookief40000c1000unifhmaxtput1484       |   7    |    0     |  0   |    0     |  0   |   0   |  0   |   0    |   1   |   0    |   0    |   1    |
|                        cond-77                         |   8    |    1     |  0   |    1     |  0   |   0   |  0   |   0    |   0   |   1    |   0    |   0    |
|                        cond-80                         |   8    |    2     |  0   |    1     |  0   |   0   |  0   |   0    |   0   |   1    |   0    |   0    |
|                        cond-81                         |   8    |    1     |  0   |    1     |  0   |   0   |  0   |   0    |   0   |   1    |   0    |   0    |
|                        cond-82                         |   8    |    2     |  0   |    1     |  0   |   0   |  0   |   0    |   0   |   1    |   0    |   0    |
|                tbl_compute_op_shl_379_a                |   8    |    0     |  0   |    0     |  0   |   0   |  0   |   0    |   1   |   0    |   0    |   1    |
|                  tbl_compute_op_xor_1                  |   8    |    0     |  0   |    0     |  0   |   0   |  0   |   0    |   1   |   0    |   0    |   1    |
|               tbl_compute_rotate_left_25               |   8    |    8     |  32  |    0     |  0   |   0   |  0   |   4    |   1   |   0    |   1    |   0    |
|           tbl_compute_rotate_left_25-gateway           |   8    |    0     |  0   |    1     |  0   |   0   |  0   |   0    |   0   |   1    |   0    |   0    |
|               tbl_compute_rotate_left_3                |   8    |    0     |  0   |    0     |  0   |   0   |  0   |   0    |   1   |   0    |   0    |   1    |
|       tbl_smartcookief40000c1000unifhmaxtput1471       |   8    |    0     |  0   |    0     |  0   |   0   |  0   |   0    |   1   |   0    |   0    |   1    |
|       tbl_smartcookief40000c1000unifhmaxtput1475       |   8    |    0     |  0   |    0     |  0   |   0   |  0   |   0    |   1   |   0    |   0    |   1    |
|       tbl_smartcookief40000c1000unifhmaxtput1478       |   8    |    0     |  0   |    0     |  0   |   0   |  0   |   0    |   1   |   0    |   0    |   1    |
|                        cond-92                         |   9    |    2     |  0   |    1     |  0   |   0   |  0   |   0    |   0   |   1    |   0    |   1    |
|                tbl_compute_op_add_450_b                |   9    |    8     |  32  |    0     |  0   |   0   |  0   |   4    |   1   |   0    |   1    |   0    |
|                   tbl_compute_op_shl                   |   9    |    0     |  0   |    0     |  0   |   0   |  0   |   0    |   1   |   0    |   0    |   1    |
|             tbl_compute_rotate_left_129_v0             |   9    |    8     |  32  |    0     |  0   |   0   |  0   |   4    |   1   |   0    |   1    |   0    |
|         tbl_compute_rotate_left_129_v0-gateway         |   9    |    0     |  0   |    1     |  0   |   0   |  0   |   0    |   0   |   1    |   0    |   0    |
|                   tbl_compute_op_or                    |   10   |    0     |  0   |    0     |  0   |   0   |  0   |   0    |   1   |   0    |   0    |   1    |
|             tbl_compute_rotate_left_128_v0             |   10   |    0     |  0   |    0     |  0   |   0   |  0   |   0    |   1   |   0    |   0    |   1    |
|                        cond-94                         |   11   |    2     |  0   |    1     |  0   |   0   |  0   |   0    |   0   |   1    |   0    |   0    |
|                     cond-94$split                      |   11   |    2     |  0   |    1     |  0   |   0   |  0   |   0    |   0   |   1    |   0    |   0    |
|                  tbl_compute_op_xor_2                  |   11   |    0     |  0   |    0     |  0   |   0   |  0   |   0    |   1   |   0    |   0    |   1    |
|             tbl_compute_rotate_left_129_v1             |   11   |    0     |  0   |    0     |  0   |   0   |  0   |   0    |   1   |   0    |   0    |   1    |
|                        cond-78                         |   12   |    1     |  0   |    1     |  0   |   0   |  0   |   0    |   0   |   1    |   0    |   1    |
|               tbl_compute_rotate_left_26               |   12   |    8     |  32  |    0     |  0   |   0   |  0   |   4    |   1   |   0    |   1    |   0    |
|           tbl_compute_rotate_left_26-gateway           |   12   |    0     |  0   |    1     |  0   |   0   |  0   |   0    |   0   |   1    |   0    |   0    |
|               tbl_compute_rotate_left_9                |   12   |    8     |  32  |    0     |  0   |   0   |  0   |   4    |   1   |   0    |   1    |   0    |
|                  tbl_compute_op_xor_9                  |   13   |    0     |  0   |    0     |  0   |   0   |  0   |   0    |   1   |   0    |   0    |   1    |
|               tbl_compute_rotate_left_10               |   13   |    0     |  0   |    0     |  0   |   0   |  0   |   0    |   1   |   0    |   0    |   1    |
|                        cond-95                         |   14   |    2     |  0   |    1     |  0   |   0   |  0   |   0    |   0   |   1    |   0    |   1    |
|                 tbl_compute_op_xor_10                  |   14   |    32    |  32  |    0     |  0   |   0   |  0   |   4    |   1   |   0    |   1    |   0    |
|               tbl_compute_rotate_left_11               |   14   |    8     |  32  |    0     |  0   |   0   |  0   |   4    |   1   |   0    |   1    |   0    |
|           tbl_compute_rotate_left_11-gateway           |   14   |    0     |  0   |    1     |  0   |   0   |  0   |   0    |   0   |   1    |   0    |   0    |
|               tbl_compute_rotate_left_12               |   14   |    8     |  32  |    0     |  0   |   0   |  0   |   4    |   1   |   0    |   1    |   0    |
|           tbl_compute_rotate_left_12-gateway           |   14   |    0     |  0   |    1     |  0   |   0   |  0   |   0    |   0   |   1    |   0    |   0    |
|                        cond-97                         |   15   |    2     |  0   |    1     |  0   |   0   |  0   |   0    |   0   |   1    |   0    |   0    |
|                 tbl_compute_op_xor_11                  |   15   |    0     |  0   |    0     |  0   |   0   |  0   |   0    |   1   |   0    |   0    |   1    |
|               tbl_compute_rotate_left_13               |   15   |    0     |  0   |    0     |  0   |   0   |  0   |   0    |   1   |   0    |   0    |   1    |
|                   tbl_hdr_val2_calc                    |   15   |    0     |  0   |    0     |  0   |   0   |  0   |   0    |   1   |   0    |   0    |   1    |
|                        cond-79                         |   16   |    1     |  0   |    1     |  0   |   0   |  0   |   0    |   0   |   1    |   0    |   1    |
|                tbl_compute_cond_operand                |   16   |    0     |  0   |    0     |  0   |   0   |  0   |   0    |   1   |   0    |   0    |   1    |
|               tbl_compute_rotate_left_14               |   16   |    8     |  32  |    0     |  0   |   0   |  0   |   4    |   1   |   0    |   1    |   0    |
|                      tbl_rewrite                       |   16   |    0     |  0   |    0     |  0   |   0   |  0   |   0    |   1   |   0    |   0    |   1    |
|                        cond-98                         |   17   |    3     |  0   |    1     |  0   |   0   |  0   |   0    |   0   |   1    |   0    |   0    |
|                        cond-99                         |   17   |    1     |  8   |    1     |  0   |   0   |  0   |   0    |   0   |   1    |   0    |   0    |
|               tbl_compute_rotate_left_15               |   17   |    0     |  0   |    0     |  0   |   0   |  0   |   0    |   1   |   0    |   0    |   1    |
|       tbl_smartcookief40000c1000unifhmaxtput1962       |   17   |    0     |  0   |    0     |  0   |   0   |  0   |   0    |   1   |   0    |   0    |   1    |
|                        cond-100                        |   18   |    1     |  0   |    1     |  0   |   0   |  0   |   0    |   0   |   1    |   0    |   0    |
|               tbl_compute_rotate_left_16               |   18   |    8     |  32  |    0     |  0   |   0   |  0   |   4    |   1   |   0    |   1    |   0    |
|           tbl_compute_rotate_left_16-gateway           |   18   |    0     |  0   |    1     |  0   |   0   |  0   |   0    |   0   |   1    |   0    |   0    |
|               tbl_compute_rotate_left_17               |   18   |    8     |  32  |    0     |  0   |   0   |  0   |   4    |   1   |   0    |   1    |   0    |
|           tbl_compute_rotate_left_17-gateway           |   18   |    0     |  0   |    1     |  0   |   0   |  0   |   0    |   0   |   1    |   0    |   0    |
|                   tbl_hdr_val0_calc                    |   18   |    0     |  0   |    0     |  0   |   0   |  0   |   0    |   1   |   0    |   0    |   1    |
|                   tbl_hdr_val1_calc                    |   18   |    0     |  0   |    0     |  0   |   0   |  0   |   2    |   1   |   0    |   0    |   1    |
|                     tbl_rewrite_2                      |   18   |    0     |  0   |    0     |  0   |   0   |  0   |   4    |   1   |   0    |   0    |   1    |
|       tbl_smartcookief40000c1000unifhmaxtput1980       |   18   |    0     |  0   |    0     |  0   |   0   |  0   |   6    |   1   |   0    |   0    |   1    |
|   tbl_smartcookief40000c1000unifhmaxtput1980$action    |   18   |    0     |  0   |    0     |  1   |   0   |  0   |   0    |   0   |   0    |   0    |   0    |
|       tbl_smartcookief40000c1000unifhmaxtput1990       |   18   |    0     |  0   |    0     |  0   |   0   |  0   |   0    |   1   |   0    |   0    |   1    |
| egresshdr.hdr1.data4_encode_update_condition_2-gateway |   19   |    2     |  0   |    1     |  0   |   0   |  0   |   0    |   0   |   1    |   0    |   1    |
| egresshdr.hdr1.data4_encode_update_condition_2_egress  |   19   |    0     |  0   |    0     |  0   |   0   |  0   |   1    |   2   |   0    |   1    |   0    |
| egresshdr.hdr2.data4_encode_update_condition_3-gateway |   19   |    1     |  0   |    1     |  0   |   0   |  0   |   0    |   0   |   1    |   0    |   1    |
| egresshdr.hdr2.data4_encode_update_condition_3_egress  |   19   |    0     |  0   |    0     |  0   |   0   |  0   |   1    |   2   |   0    |   1    |   0    |
|               tbl_compute_rotate_left_18               |   19   |    0     |  0   |    0     |  0   |   0   |  0   |   0    |   1   |   0    |   0    |   1    |
|                     tbl_rewrite_1                      |   19   |    0     |  0   |    0     |  0   |   0   |  0   |   0    |   1   |   0    |   0    |   1    |
-------------------------------------------------------------------------------------------------------------------------------------------------------------------

